36
37
0 0 1 0.423657 0.483602 0.0575007
0.0871557 0 0.996195 0.441294 0.55491 0.0656754
0.173648 0 0.984808 0.472401 0.610428 0.0926819
0.258819 0 0.965926 0.516818 0.645843 0.132803
0.34202 0 0.939693 0.573509 0.658582 0.18263
0.422618 0 0.906308 0.639843 0.648205 0.238931
0.5 0 0.866025 0.711072 0.61646 0.3007
0.573576 0 0.819152 0.731258 0.581953 0.367499
0.642788 0 0.766044 0.718525 0.545484 0.411146
0.707107 0 0.707107 0.737519 0.494912 0.404402
0.766044 0 0.642788 0.800302 0.42578 0.403519
0.819152 0 0.573576 0.832501 0.36245 0.432972
0.866025 0 0.5 0.823492 0.314987 0.464943
0.906308 0 0.422618 0.780349 0.284234 0.500464
0.939693 0 0.34202 0.707247 0.270496 0.54115
0.965926 0 0.258819 0.609197 0.272592 0.586555
0.984808 0 0.173648 0.493831 0.287572 0.632379
0.996195 0 0.0871557 0.372794 0.31064 0.66969
1 0 6.12323e-17 0.261469 0.335317 0.687925
0.996195 0 -0.0871557 0.176628 0.353794 0.683137
0.984808 0 -0.173648 0.151329 0.351641 0.671587
0.965926 0 -0.258819 0.131216 0.342389 0.657304
0.939693 0 -0.34202 0.11842 0.324793 0.635277
0.906308 0 -0.422618 0.112316 0.299263 0.60546
0.866025 0 -0.5 0.11562 0.266159 0.572293
0.819152 0 -0.573576 0.169692 0.217017 0.526236
0.766044 0 -0.642788 0.237184 0.167786 0.457228
0.707107 0 -0.707107 0.303702 0.12614 0.374721
0.642788 0 -0.766044 0.3558 0.0989023 0.293679
0.573576 0 -0.819152 0.385606 0.0911419 0.224582
0.5 0 -0.866025 0.389433 0.106435 0.169947
0.422618 0 -0.906308 0.357727 0.149033 0.128614
0.34202 0 -0.939693 0.332445 0.20296 0.131435
0.258819 0 -0.965926 0.371348 0.255625 0.112051
0.173648 0 -0.984808 0.418737 0.319013 0.0793053
0.0871557 0 -0.996195 0.416564 0.402877 0.058679
1.22465e-16 0 -1 0.423657 0.483602 0.0575007
37
0 0 1 0.423657 0.483602 0.0575007
0.0858316 0.0151344 0.996195 0.421536 0.56147 0.0670978
0.17101 0.0301537 0.984808 0.431031 0.622923 0.0943065
0.254887 0.0449435 0.965926 0.45268 0.664271 0.13153
0.336824 0.0593912 0.939693 0.486204 0.68368 0.173891
0.416198 0.0733869 0.906308 0.529771 0.681453 0.217058
0.492404 0.0868241 0.866025 0.579936 0.659918 0.258291
0.564863 0.0996005 0.819152 0.631659 0.623139 0.29722
0.633022 0.111619 0.766044 0.677888 0.576595 0.336533
0.696364 0.122788 0.707107 0.664177 0.540956 0.37437
0.754407 0.133022 0.642788 0.638821 0.507635 0.396972
0.806707 0.142244 0.573576 0.621784 0.474896 0.401867
0.852869 0.150384 0.5 0.616143 0.44373 0.400513
0.892539 0.157379 0.422618 0.607205 0.415057 0.445379
0.925417 0.163176 0.34202 0.551906 0.405167 0.506604
0.951251 0.167731 0.258819 0.462184 0.411007 0.570616
0.969846 0.17101 0.173648 0.359319 0.42576 0.62227
0.98106 0.172987 0.0871557 0.289724 0.432802 0.661794
0.984808 0.173648 6.12323e-17 0.236956 0.43237 0.70437
0.98106 0.172987 -0.0871557 0.187154 0.426342 0.74312
0.969846 0.17101 -0.173648 0.144188 0.412048 0.770661
0.951251 0.167731 -0.258819 0.110147 0.388123 0.78257
0.925417 0.163176 -0.34202 0.0848518 0.354808 0.778519
0.892539 0.157379 -0.422618 0.0662463 0.313936 0.762224
0.852869 0.150384 -0.5 0.103073 0.254276 0.73053
0.806707 0.142244 -0.573576 0.177814 0.187341 0.660919
0.754407 0.133022 -0.642788 0.2658 0.124682 0.558136
0.696364 0.122788 -0.707107 0.349313 0.0744777 0.441293
0.633022 0.111619 -0.766044 0.412381 0.0436701 0.332516
0.564863 0.0996005 -0.819152 0.44633 0.0369545 0.245324
0.492404 0.0868241 -0.866025 0.449855 0.0567338 0.180481
0.416198 0.0733869 -0.906308 0.420413 0.104822 0.131563
0.336824 0.0593912 -0.939693 0.358152 0.178017 0.116114
0.254887 0.0449435 -0.965926 0.37727 0.241316 0.113732
0.17101 0.0301537 -0.984808 0.436426 0.306786 0.0816775
0.0858316 0.0151344 -0.996195 0.433888 0.395274 0.0581673
1.20604e-16 2.12658e-17 -1 0.423657 0.483602 0.0575007
37
0 0 1 0.423657 0.483602 0.0575007
0.0818996 0.029809 0.996195 0.401736 0.566036 0.0686295
0.163176 0.0593912 0.984808 0.389216 0.632564 0.0970088
0.24321 0.0885213 0.965926 0.387563 0.680058 0.133518
0.321394 0.116978 0.939693 0.397547 0.707243 0.171958
0.397131 0.144544 0.906308 0.418422 0.714869 0.207145
0.469846 0.17101 0.866025 0.447819 0.705503 0.236038
0.538986 0.196175 0.819152 0.481877 0.683148 0.258166
0.604023 0.219846 0.766044 0.515549 0.652755 0.275318
0.664463 0.241845 0.707107 0.543058 0.619655 0.290693
0.719846 0.262003 0.642788 0.558604 0.588935 0.307848
0.769751 0.280167 0.573576 0.557345 0.564738 0.329967
0.813798 0.296198 0.5 0.536324 0.549615 0.359978
0.851651 0.309976 0.422618 0.495008 0.543983 0.402148
0.883022 0.321394 0.34202 0.438353 0.544737 0.466444
0.907673 0.330366 0.258819 0.398277 0.539743 0.561303
0.925417 0.336824 0.173648 0.371172 0.533805 0.623436
0.936117 0.340719 0.0871557 0.321761 0.53086 0.687173
0.939693 0.34202 6.12323e-17 0.267097 0.522766 0.7529
0.936117 0.340719 -0.0871557 0.213276 0.506192 0.811187
0.925417 0.336824 -0.173648 0.163706 0.479302 0.855556
0.907673 0.330366 -0.258819 0.120142 0.441762 0.882589
0.883022 0.321394 -0.34202 0.0829039 0.39479 0.892344
0.851651 0.309976 -0.422618 0.0527976 0.340593 0.888069
0.813798 0.296198 -0.5 0.110887 0.260763 0.853074
0.769751 0.280167 -0.573576 0.197028 0.18021 0.766179
0.719846 0.262003 -0.642788 0.296909 0.107285 0.638928
0.664463 0.241845 -0.707107 0.390821 0.0503805 0.496526
0.604023 0.219846 -0.766044 0.460634 0.0164395 0.366467
0.538986 0.196175 -0.819152 0.496634 0.0098129 0.264837
0.469846 0.17101 -0.866025 0.498541 0.0321026 0.191196
0.397131 0.144544 -0.906308 0.466368 0.0839072 0.136236
0.321394 0.116978 -0.939693 0.387613 0.16614 0.106402
0.24321 0.0885213 -0.965926 0.390758 0.235629 0.113439
0.163176 0.0593912 -0.984808 0.445797 0.303752 0.0830845
0.0818996 0.029809 -0.996195 0.450697 0.390761 0.0578648
1.15079e-16 4.18854e-17 -1 0.423657 0.483602 0.0575007
37
0 0 1 0.423657 0.483602 0.0575007
0.0754791 0.0435779 0.996195 0.382645 0.568458 0.0702574
0.150384 0.0868241 0.984808 0.348877 0.638983 0.101198
0.224144 0.12941 0.965926 0.324957 0.69248 0.140541
0.296198 0.17101 0.939693 0.312946 0.728005 0.181096
0.365998 0.211309 0.906308 0.313455 0.746444 0.216613
0.433013 0.25 0.866025 0.32544 0.750227 0.243305
0.496732 0.286788 0.819152 0.34626 0.742892 0.260555
0.55667 0.321394 0.766044 0.37195 0.728584 0.2707
0.612372 0.353553 0.707107 0.397631 0.711541 0.278115
0.663414 0.383022 0.642788 0.418064 0.695572 0.288093
0.709406 0.409576 0.573576 0.428384 0.683539 0.305991
0.75 0.433013 0.5 0.424957 0.676872 0.33692
0.784886 0.453154 0.422618 0.406329 0.67516 0.385911
0.813798 0.469846 0.34202 0.37458 0.675794 0.458192
0.836516 0.482963 0.258819 0.338281 0.673422 0.558121
0.852869 0.492404 0.173648 0.31763 0.659594 0.681132
0.86273 0.498097 0.0871557 0.323864 0.633595 0.771581
0.866025 0.5 6.12323e-17 0.300315 0.611258 0.813799
0.86273 0.498097 -0.0871557 0.259326 0.581835 0.860461
0.852869 0.492404 -0.173648 0.210822 0.542781 0.901948
0.836516 0.482963 -0.258819 0.161235 0.493711 0.931563
0.813798 0.469846 -0.34202 0.114293 0.436111 0.946583
0.784886 0.453154 -0.422618 0.0785429 0.371027 0.947747
0.75 0.433013 -0.5 0.136023 0.281131 0.911675
0.709406 0.409576 -0.573576 0.222284 0.192851 0.819086
0.663414 0.383022 -0.642788 0.323114 0.114452 0.683544
0.612372 0.353553 -0.707107 0.418902 0.0540349 0.531545
0.55667 0.321394 -0.766044 0.49105 0.018198 0.391741
0.496732 0.286788 -0.819152 0.528976 0.0109226 0.281151
0.433013 0.25 -0.866025 0.531301 0.0334727 0.199873
0.365998 0.211309 -0.906308 0.496438 0.0862818 0.139069
0.296198 0.17101 -0.939693 0.411761 0.169739 0.105968
0.224144 0.12941 -0.965926 0.4099 0.239083 0.112857
0.150384 0.0868241 -0.984808 0.459499 0.306234 0.0834086
0.0754791 0.0435779 -0.996195 0.466599 0.389478 0.0576388
1.06058e-16 6.12323e-17 -1 0.423657 0.483602 0.0575007
37
0 0 1 0.423657 0.483602 0.0575007
0.0667652 0.0560226 0.996195 0.364989 0.568611 0.0719137
0.133022 0.111619 0.984808 0.311802 0.641762 0.106902
0.198267 0.166366 0.965926 0.267954 0.700625 0.153331
0.262003 0.219846 0.939693 0.236867 0.74434 0.203732
0.323744 0.271654 0.906308 0.220567 0.773648 0.250648
0.383022 0.321394 0.866025 0.219368 0.790542 0.288628
0.439385 0.368688 0.819152 0.231799 0.797827 0.315526
0.492404 0.413176 0.766044 0.254796 0.798635 0.33272
0.541675 0.454519 0.707107 0.284066 0.79599 0.344359
0.586824 0.492404 0.642788 0.314557 0.792432 0.356089
0.627507 0.526541 0.573576 0.341045 0.789699 0.373827
0.663414 0.55667 0.5 0.358886 0.788445 0.402956
0.694272 0.582563 0.422618 0.364916 0.787999 0.448003
0.719846 0.604023 0.34202 0.358512 0.786215 0.512568
0.739942 0.620885 0.258819 0.343142 0.779323 0.598901
0.754407 0.633022 0.173648 0.329183 0.761708 0.705448
0.763129 0.640342 0.0871557 0.337342 0.726167 0.818378
0.766044 0.642788 6.12323e-17 0.348508 0.684818 0.856176
0.763129 0.640342 -0.0871557 0.324512 0.642552 0.875051
0.754407 0.633022 -0.173648 0.280925 0.592871 0.89802
0.739942 0.620885 -0.258819 0.228779 0.535119 0.917021
0.719846 0.604023 -0.34202 0.175856 0.47064 0.926578
0.694272 0.582563 -0.422618 0.130467 0.401332 0.925013
0.663414 0.55667 -0.5 0.17894 0.308689 0.890321
0.627507 0.526541 -0.573576 0.255392 0.219509 0.803152
0.586824 0.492404 -0.642788 0.347123 0.141377 0.675924
0.541675 0.454519 -0.707107 0.436435 0.0815836 0.532004
0.492404 0.413176 -0.766044 0.506008 0.0460066 0.396683
0.439385 0.368688 -0.819152 0.54469 0.0382315 0.285659
0.383022 0.321394 -0.866025 0.547934 0.0596749 0.200785
0.323744 0.271654 -0.906308 0.508578 0.111632 0.13685
0.262003 0.219846 -0.939693 0.430106 0.188288 0.113283
0.198267 0.166366 -0.965926 0.433651 0.251441 0.112309
0.133022 0.111619 -0.984808 0.477235 0.314029 0.0826901
0.0667652 0.0560226 -0.996195 0.481261 0.391413 0.0573942
9.38134e-17 7.87188e-17 -1 0.423657 0.483602 0.0575007
37
0 0 1 0.423657 0.483602 0.0575007
0.0560226 0.0667652 0.996195 0.349424 0.5664 0.0734724
0.111619 0.133022 0.984808 0.27954 0.64047 0.113654
0.166366 0.198267 0.965926 0.219083 0.703491 0.171027
0.219846 0.262003 0.939693 0.172736 0.754453 0.238868
0.271654 0.323744 0.906308 0.143881 0.793677 0.308606
0.321394 0.383022 0.866025 0.134137 0.822474 0.372229
0.368688 0.439385 0.819152 0.143062 0.842729 0.42446
0.413176 0.492404 0.766044 0.168186 0.856487 0.463769
0.454519 0.541675 0.707107 0.205385 0.86559 0.492089
0.492404 0.586824 0.642788 0.249424 0.871416 0.5137
0.526541 0.627507 0.573576 0.29456 0.874715 0.533857
0.55667 0.663414 0.5 0.335184 0.875521 0.557621
0.582563 0.694272 0.422618 0.366587 0.873101 0.589153
0.604023 0.719846 0.34202 0.3859 0.865904 0.631394
0.620885 0.739942 0.258819 0.393261 0.851521 0.685882
0.633022 0.754407 0.173648 0.393455 0.826594 0.751961
0.640342 0.763129 0.0871557 0.398384 0.786734 0.823613
0.642788 0.766044 6.12323e-17 0.417151 0.732355 0.863647
0.640342 0.763129 -0.0871557 0.403502 0.679815 0.85032
0.633022 0.754407 -0.173648 0.365565 0.622076 0.844756
0.620885 0.739942 -0.258819 0.314224 0.559046 0.84221
0.604023 0.719846 -0.34202 0.259658 0.491919 0.836903
0.582563 0.694272 -0.422618 0.208723 0.423306 0.825841
0.55667 0.663414 -0.5 0.24268 0.335499 0.791683
0.526541 0.627507 -0.573576 0.303227 0.252362 0.716037
0.492404 0.586824 -0.642788 0.379011 0.180541 0.608335
0.454519 0.541675 -0.707107 0.45513 0.126103 0.486112
0.413176 0.492404 -0.766044 0.516358 0.0939529 0.368365
0.368688 0.439385 -0.819152 0.550891 0.0873347 0.26761
0.321394 0.383022 -0.866025 0.549437 0.108299 0.187405
0.271654 0.323744 -0.906308 0.496699 0.159727 0.128133
0.219846 0.262003 -0.939693 0.448735 0.21883 0.123641
0.166366 0.198267 -0.965926 0.462301 0.271619 0.110838
0.111619 0.133022 -0.984808 0.498469 0.32665 0.0811059
0.0560226 0.0667652 -0.996195 0.494393 0.396406 0.0570955
7.87188e-17 9.38134e-17 -1 0.423657 0.483602 0.0575007
37
0 0 1 0.423657 0.483602 0.0575007
0.0435779 0.0754791 0.996195 0.336506 0.561776 0.0747612
0.0868241 0.150384 0.984808 0.253319 0.634724 0.120499
0.12941 0.224144 0.965926 0.180219 0.70012 0.190978
0.17101 0.296198 0.939693 0.122971 0.756616 0.281124
0.211309 0.365998 0.906308 0.0862707 0.803882 0.381316
0.25 0.433013 0.866025 0.0731185 0.842316 0.480207
0.286788 0.496732 0.819152 0.0840778 0.872723 0.568169
0.321394 0.55667 0.766044 0.116947 0.896034 0.639437
0.353553 0.612372 0.707107 0.167095 0.913064 0.692433
0.383022 0.663414 0.642788 0.228285 0.92432 0.728842
0.409576 0.709406 0.573576 0.293646 0.929892 0.752265
0.433013 0.75 0.5 0.356501 0.929447 0.766996
0.453154 0.784886 0.422618 0.411026 0.922305 0.777145
0.469846 0.813798 0.34202 0.452853 0.907546 0.786082
0.482963 0.836516 0.258819 0.47978 0.884078 0.796128
0.492404 0.852869 0.173648 0.492717 0.850617 0.808264
0.498097 0.86273 0.0871557 0.496933 0.805592 0.821293
0.5 0.866025 6.12323e-17 0.503322 0.74716 0.829189
0.498097 0.86273 -0.0871557 0.489419 0.687994 0.789779
0.492404 0.852869 -0.173648 0.454756 0.625748 0.75374
0.482963 0.836516 -0.258819 0.406546 0.56128 0.724696
0.469846 0.813798 -0.34202 0.354158 0.495959 0.699917
0.453154 0.784886 -0.422618 0.309798 0.430525 0.676801
0.433013 0.75 -0.5 0.330347 0.353763 0.638647
0.409576 0.709406 -0.573576 0.372836 0.283227 0.573989
0.383022 0.663414 -0.642788 0.428467 0.223842 0.489107
0.353553 0.612372 -0.707107 0.484979 0.180198 0.395113
0.321394 0.55667 -0.766044 0.528985 0.156139 0.303878
0.286788 0.496732 -0.819152 0.547384 0.154728 0.223935
0.25 0.433013 -0.866025 0.525635 0.178849 0.160308
0.211309 0.365998 -0.906308 0.481248 0.2192 0.136363
0.17101 0.296198 -0.939693 0.476907 0.257037 0.130095
0.12941 0.224144 -0.965926 0.49613 0.298032 0.107647
0.0868241 0.150384 -0.984808 0.522443 0.343372 0.0789901
0.0435779 0.0754791 -0.996195 0.505739 0.404167 0.0567683
6.12323e-17 1.06058e-16 -1 0.423657 0.483602 0.0575007
37
0 0 1 0.423657 0.483602 0.0575007
0.029809 0.0818996 0.996195 0.326666 0.554751 0.0755914
0.0593912 0.163176 0.984808 0.234003 0.624239 0.126166
0.0885213 0.24321 0.965926 0.152548 0.689719 0.20916
0.116978 0.321394 0.939693 0.0889388 0.749408 0.321476
0.144544 0.397131 0.906308 0.0491692 0.802178 0.452319
0.17101 0.469846 0.866025 0.0377624 0.847339 0.586591
0.196175 0.538986 0.819152 0.0563736 0.884464 0.710052
0.219846 0.604023 0.766044 0.102926 0.913307 0.812713
0.241845 0.664463 0.707107 0.171812 0.933747 0.889607
0.262003 0.719846 0.642788 0.254951 0.945715 0.939885
0.280167 0.769751 0.573576 0.343199 0.949128 0.965425
0.296198 0.813798 0.5 0.427721 0.943838 0.969597
0.309976 0.851651 0.422618 0.501097 0.929647 0.956398
0.321394 0.883022 0.34202 0.558035 0.906377 0.929911
0.330366 0.907673 0.258819 0.595691 0.873982 0.893982
0.336824 0.925417 0.173648 0.613697 0.832677 0.851999
0.340719 0.936117 0.0871557 0.614113 0.782995 0.806633
0.34202 0.939693 6.12323e-17 0.601631 0.725718 0.759349
0.340719 0.936117 -0.0871557 0.576885 0.6646 0.70154
0.336824 0.925417 -0.173648 0.540044 0.602274 0.642335
0.330366 0.907673 -0.258819 0.494127 0.540713 0.591553
0.321394 0.883022 -0.34202 0.445549 0.481566 0.55187
0.309976 0.851651 -0.422618 0.435435 0.417306 0.511457
0.296198 0.813798 -0.5 0.441762 0.358387 0.46077
0.280167 0.769751 -0.573576 0.460822 0.307877 0.402108
0.262003 0.719846 -0.642788 0.486163 0.26868 0.339052
0.241845 0.664463 -0.707107 0.508571 0.243522 0.276462
0.219846 0.604023 -0.766044 0.51692 0.234876 0.219424
0.196175 0.538986 -0.819152 0.502809 0.243478 0.17565
0.17101 0.469846 -0.866025 0.502453 0.255337 0.162655
0.144544 0.397131 -0.906308 0.506943 0.274599 0.148729
0.116978 0.321394 -0.939693 0.518514 0.299365 0.128943
0.0885213 0.24321 -0.965926 0.534187 0.328951 0.103273
0.0593912 0.163176 -0.984808 0.548161 0.363294 0.0768352
0.029809 0.0818996 -0.996195 0.515057 0.414306 0.0564853
4.18854e-17 1.15079e-16 -1 0.423657 0.483602 0.0575007
37
0 0 1 0.423657 0.483602 0.0575007
0.0151344 0.0858316 0.996195 0.320201 0.54541 0.075798
0.0301537 0.17101 0.984808 0.222074 0.608888 0.129374
0.0449435 0.254887 0.965926 0.136554 0.671765 0.221215
0.0593912 0.336824 0.939693 0.0708492 0.731865 0.349859
0.0733869 0.416198 0.906308 0.0320223 0.787268 0.503309
0.0868241 0.492404 0.866025 0.0259313 0.836166 0.663199
0.0996005 0.564863 0.819152 0.0552241 0.876839 0.811619
0.111619 0.633022 0.766044 0.118072 0.907786 0.935378
0.122788 0.696364 0.707107 0.208292 0.927877 1
0.133022 0.754407 0.642788 0.316466 0.936444 1
0.142244 0.806707 0.573576 0.431445 0.933326 1
0.150384 0.852869 0.5 0.533634 0.922901 1
0.157379 0.892539 0.422618 0.615482 0.903132 1
0.163176 0.925417 0.34202 0.675373 0.872698 0.971183
0.167731 0.951251 0.258819 0.710984 0.832693 0.904277
0.17101 0.969846 0.173648 0.722136 0.784767 0.83276
0.172987 0.98106 0.0871557 0.709728 0.731129 0.761748
0.173648 0.984808 6.12323e-17 0.700531 0.668256 0.685009
0.172987 0.98106 -0.0871557 0.665358 0.609558 0.598163
0.17101 0.969846 -0.173648 0.619645 0.552321 0.526057
0.167731 0.951251 -0.258819 0.576509 0.497436 0.461885
0.163176 0.925417 -0.34202 0.538701 0.447705 0.40439
0.157379 0.892539 -0.422618 0.509784 0.404632 0.354215
0.150384 0.852869 -0.5 0.491983 0.369166 0.311292
0.142244 0.806707 -0.573576 0.485722 0.341779 0.27518
0.133022 0.754407 -0.642788 0.489584 0.322533 0.245267
0.122788 0.696364 -0.707107 0.500784 0.311132 0.220728
0.111619 0.633022 -0.766044 0.515978 0.306953 0.200365
0.0996005 0.564863 -0.819152 0.532111 0.309109 0.182517
0.0868241 0.492404 -0.866025 0.54702 0.31656 0.165124
0.0733869 0.416198 -0.906308 0.559526 0.328323 0.146079
0.0593912 0.336824 -0.939693 0.56893 0.343733 0.12404
0.0449435 0.254887 -0.965926 0.57432 0.362644 0.0994772
0.0301537 0.17101 -0.984808 0.574442 0.385416 0.0752075
0.0151344 0.0858316 -0.996195 0.522113 0.426364 0.0563395
2.12658e-17 1.20604e-16 -1 0.423657 0.483602 0.0575007
37
0 0 1 0.423657 0.483602 0.0575007
5.33675e-18 0.0871557 0.996195 0.317261 0.533923 0.0752797
1.06329e-17 0.173648 0.984808 0.217651 0.58874 0.129183
1.58481e-17 0.258819 0.965926 0.132058 0.64607 0.223775
2.09427e-17 0.34202 0.939693 0.0677923 0.703541 0.358474
2.58779e-17 0.422618 0.906308 0.0322976 0.758634 0.52059
3.06162e-17 0.5 0.866025 0.0319339 0.808609 0.690125
3.51214e-17 0.573576 0.819152 0.0697392 0.850596 0.84754
3.93594e-17 0.642788 0.766044 0.144156 0.881884 0.978125
4.32978e-17 0.707107 0.707107 0.249272 0.900237 1
4.69067e-17 0.766044 0.642788 0.373018 0.905838 1
5.01586e-17 0.819152 0.573576 0.484829 0.905548 1
5.30288e-17 0.866025 0.5 0.582804 0.892109 1
5.54953e-17 0.906308 0.422618 0.658349 0.866231 1
5.75396e-17 0.939693 0.34202 0.704297 0.82957 0.956051
5.91459e-17 0.965926 0.258819 0.718148 0.783884 0.905719
6.03021e-17 0.984808 0.173648 0.778223 0.711948 0.832069
6.09993e-17 0.996195 0.0871557 0.807287 0.642208 0.724708
6.12323e-17 1 6.12323e-17 0.798551 0.578949 0.611635
6.09993e-17 0.996195 -0.0871557 0.759549 0.523814 0.506416
6.03021e-17 0.984808 -0.173648 0.700075 0.478119 0.415715
5.91459e-17 0.965926 -0.258819 0.65108 0.434933 0.35758
5.75396e-17 0.939693 -0.34202 0.610793 0.399972 0.309651
5.54953e-17 0.906308 -0.422618 0.581591 0.374159 0.271317
5.30288e-17 0.866025 -0.5 0.564569 0.357359 0.242153
5.01586e-17 0.819152 -0.573576 0.559153 0.348709 0.221023
4.69067e-17 0.766044 -0.642788 0.563461 0.346773 0.206065
4.32978e-17 0.707107 -0.707107 0.574651 0.349795 0.194913
3.93594e-17 0.642788 -0.766044 0.589303 0.355981 0.185069
3.51214e-17 0.573576 -0.819152 0.603902 0.363763 0.174265
3.06162e-17 0.5 -0.866025 0.615373 0.372011 0.160725
2.58779e-17 0.422618 -0.906308 0.621513 0.380173 0.143372
2.09427e-17 0.34202 -0.939693 0.621131 0.388371 0.122113
1.58481e-17 0.258819 -0.965926 0.613885 0.397414 0.0982149
1.06329e-17 0.173648 -0.984808 0.600014 0.408705 0.0745851
5.33675e-18 0.0871557 -0.996195 0.52668 0.439847 0.0564151
7.4988e-33 1.22465e-16 -1 0.423657 0.483602 0.0575007
37
-0 0 1 0.423657 0.483602 0.0575007
-0.0151344 0.0858316 0.996195 0.317858 0.52055 0.0740301
-0.0301537 0.17101 0.984808 0.220524 0.564094 0.125294
-0.0449435 0.254887 0.965926 0.138331 0.612832 0.215553
-0.0593912 0.336824 0.939693 0.0780745 0.664512 0.344295
-0.0733869 0.416198 0.906308 0.046537 0.716363 0.499176
-0.0868241 0.492404 0.866025 0.0492952 0.765095 0.660918
-0.0996005 0.564863 0.819152 0.0887643 0.807033 0.810949
-0.111619 0.633022 0.766044 0.163317 0.838478 0.935259
-0.122788 0.696364 0.707107 0.26779 0.856131 1
-0.133022 0.754407 0.642788 0.387197 0.861435 1
-0.142244 0.806707 0.573576 0.495421 0.857523 1
-0.150384 0.852869 0.5 0.58799 0.83911 0.995102
-0.157379 0.892539 0.422618 0.652202 0.808009 0.951693
-0.163176 0.925417 0.34202 0.678486 0.766511 0.919362
-0.167731 0.951251 0.258819 0.764086 0.691666 0.868066
-0.17101 0.969846 0.173648 0.83401 0.613072 0.769965
-0.172987 0.98106 0.0871557 0.868903 0.538781 0.65742
-0.173648 0.984808 6.12323e-17 0.872609 0.472124 0.546022
-0.172987 0.98106 -0.0871557 0.851154 0.416345 0.444267
-0.17101 0.969846 -0.173648 0.810869 0.374174 0.357288
-0.167731 0.951251 -0.258819 0.757884 0.347376 0.287758
-0.163176 0.925417 -0.34202 0.701973 0.334848 0.239966
-0.157379 0.892539 -0.422618 0.66945 0.328449 0.221566
-0.150384 0.852869 -0.5 0.649115 0.332354 0.21162
-0.142244 0.806707 -0.573576 0.641328 0.344033 0.20704
-0.133022 0.754407 -0.642788 0.644129 0.360598 0.204802
-0.122788 0.696364 -0.707107 0.653868 0.379125 0.202215
-0.111619 0.633022 -0.766044 0.666168 0.39694 0.197018
-0.0996005 0.564863 -0.819152 0.676808 0.411908 0.18748
-0.0868241 0.492404 -0.866025 0.682308 0.422697 0.172581
-0.0733869 0.416198 -0.906308 0.680292 0.428961 0.152239
-0.0593912 0.336824 -0.939693 0.669623 0.431399 0.127503
-0.0449435 0.254887 -0.965926 0.650373 0.43167 0.100661
-0.0301537 0.17101 -0.984808 0.623638 0.432174 0.0751948
-0.0151344 0.0858316 -0.996195 0.528543 0.454253 0.0567647
-2.12658e-17 1.20604e-16 -1 0.423657 0.483602 0.0575007
37
-0 0 1 0.423657 0.483602 0.0575007
-0.029809 0.0818996 0.996195 0.321878 0.505647 0.0721472
-0.0593912 0.163176 0.984808 0.23022 0.535502 0.118163
-0.0885213 0.24321 0.965926 0.154279 0.572667 0.197795
-0.116978 0.321394 0.939693 0.0997192 0.615372 0.30994
-0.144544 0.397131 0.906308 0.0717291 0.661007 0.443683
-0.17101 0.469846 0.866025 0.0740068 0.706177 0.582586
-0.196175 0.538986 0.819152 0.107504 0.746828 0.711243
-0.219846 0.604023 0.766044 0.170144 0.778605 0.818336
-0.241845 0.664463 0.707107 0.257531 0.797345 0.896512
-0.262003 0.719846 0.642788 0.364219 0.799534 0.941198
-0.280167 0.769751 0.573576 0.470331 0.789425 0.92591
-0.296198 0.813798 0.5 0.560762 0.765763 0.882373
-0.309976 0.851651 0.422618 0.619736 0.729772 0.840422
-0.321394 0.883022 0.34202 0.665962 0.675046 0.825348
-0.330366 0.907673 0.258819 0.765633 0.592924 0.764607
-0.336824 0.925417 0.173648 0.83942 0.510428 0.676592
-0.340719 0.936117 0.0871557 0.888345 0.431405 0.58252
-0.34202 0.939693 6.12323e-17 0.915688 0.360532 0.491762
-0.340719 0.936117 -0.0871557 0.924566 0.302456 0.410369
-0.336824 0.925417 -0.173648 0.918204 0.260929 0.342127
-0.330366 0.907673 -0.258819 0.899778 0.238323 0.288583
-0.321394 0.883022 -0.34202 0.871914 0.235413 0.249248
-0.309976 0.851651 -0.422618 0.835984 0.251423 0.222227
-0.296198 0.813798 -0.5 0.791441 0.284259 0.205227
-0.280167 0.769751 -0.573576 0.755473 0.323654 0.209199
-0.262003 0.719846 -0.642788 0.741004 0.361449 0.226698
-0.241845 0.664463 -0.707107 0.735052 0.398033 0.238396
-0.219846 0.604023 -0.766044 0.735962 0.429308 0.239304
-0.196175 0.538986 -0.819152 0.738958 0.452743 0.227756
-0.17101 0.469846 -0.866025 0.738293 0.467245 0.205275
-0.144544 0.397131 -0.906308 0.729596 0.472936 0.175047
-0.116978 0.321394 -0.939693 0.710746 0.471085 0.140857
-0.0885213 0.24321 -0.965926 0.681732 0.464028 0.10675
-0.0593912 0.163176 -0.984808 0.628284 0.459684 0.0768091
-0.029809 0.0818996 -0.996195 0.527517 0.469106 0.0573976
-4.18854e-17 1.15079e-16 -1 0.423657 0.483602 0.0575007
37
-0 0 1 0.423657 0.483602 0.0575007
-0.0435779 0.0754791 0.996195 0.329088 0.489659 0.0698192
-0.0868241 0.150384 0.984808 0.246066 0.503774 0.108906
-0.12941 0.224144 0.965926 0.178625 0.526632 0.173945
-0.17101 0.296198 0.939693 0.130841 0.557299 0.262849
-0.211309 0.365998 0.906308 0.105907 0.593677 0.366781
-0.25 0.433013 0.866025 0.105335 0.632641 0.473255
-0.286788 0.496732 0.819152 0.128529 0.670124 0.571048
-0.321394 0.55667 0.766044 0.173107 0.701424 0.65241
-0.353553 0.612372 0.707107 0.235615 0.721756 0.712814
-0.383022 0.663414 0.642788 0.312263 0.726874 0.750075
-0.409576 0.709406 0.573576 0.399814 0.713571 0.76352
-0.433013 0.75 0.5 0.496186 0.680573 0.748531
-0.453154 0.784886 0.422618 0.567479 0.638945 0.693643
-0.469846 0.813798 0.34202 0.623946 0.57921 0.682921
-0.482963 0.836516 0.258819 0.717402 0.498187 0.635556
-0.492404 0.852869 0.173648 0.796814 0.414272 0.575502
-0.498097 0.86273 0.0871557 0.864937 0.332215 0.512554
-0.5 0.866025 6.12323e-17 0.921782 0.258211 0.452056
-0.498097 0.86273 -0.0871557 0.966732 0.198148 0.398389
-0.492404 0.852869 -0.173648 0.999123 0.15676 0.35474
-0.482963 0.836516 -0.258819 1 0.137072 0.322508
-0.469846 0.813798 -0.34202 1 0.140091 0.300924
-0.453154 0.784886 -0.422618 1 0.164802 0.287259
-0.433013 0.75 -0.5 0.995828 0.208498 0.277692
-0.409576 0.709406 -0.573576 0.956986 0.267419 0.268655
-0.383022 0.663414 -0.642788 0.894885 0.337554 0.258609
-0.353553 0.612372 -0.707107 0.836382 0.402276 0.27169
-0.321394 0.55667 -0.766044 0.806236 0.450432 0.288939
-0.286788 0.496732 -0.819152 0.789896 0.484699 0.281922
-0.25 0.433013 -0.866025 0.780237 0.504289 0.251674
-0.211309 0.365998 -0.906308 0.766462 0.510692 0.20764
-0.17101 0.296198 -0.939693 0.742315 0.506104 0.159706
-0.12941 0.224144 -0.965926 0.706506 0.493408 0.115206
-0.0868241 0.150384 -0.984808 0.625019 0.486898 0.0794891
-0.0435779 0.0754791 -0.996195 0.523472 0.483966 0.0582809
-6.12323e-17 1.06058e-16 -1 0.423657 0.483602 0.0575007
37
-0 0 1 0.423657 0.483602 0.0575007
-0.0560226 0.0667652 0.996195 0.339161 0.473108 0.067291
-0.111619 0.133022 0.984808 0.267262 0.46997 0.099026
-0.166366 0.198267 0.965926 0.210073 0.47625 0.148657
-0.219846 0.262003 0.939693 0.169804 0.492146 0.213093
-0.271654 0.323744 0.906308 0.14778 0.516347 0.285728
-0.321394 0.383022 0.866025 0.143838 0.546245 0.358116
-0.368688 0.439385 0.819152 0.156447 0.57802 0.42308
-0.413176 0.492404 0.766044 0.183471 0.606884 0.476263
-0.454519 0.541675 0.707107 0.222813 0.62764 0.515877
-0.492404 0.586824 0.642788 0.272651 0.635449 0.541922
-0.526541 0.627507 0.573576 0.33146 0.626569 0.555481
-0.55667 0.663414 0.5 0.398053 0.598923 0.558158
-0.582563 0.694272 0.422618 0.472683 0.552141 0.551499
-0.604023 0.719846 0.34202 0.545267 0.491152 0.536503
-0.620885 0.739942 0.258819 0.629332 0.415612 0.516329
-0.633022 0.754407 0.173648 0.715383 0.333899 0.490431
-0.640342 0.763129 0.0871557 0.802562 0.252416 0.461013
-0.642788 0.766044 6.12323e-17 0.888122 0.178198 0.4308
-0.640342 0.763129 -0.0871557 0.968111 0.117907 0.403392
-0.633022 0.754407 -0.173648 1 0.0770757 0.38242
-0.620885 0.739942 -0.258819 1 0.0594474 0.370069
-0.604023 0.719846 -0.34202 1 0.0665091 0.365828
-0.582563 0.694272 -0.422618 1 0.0973626 0.366343
-0.55667 0.663414 -0.5 1 0.148997 0.366484
-0.526541 0.627507 -0.573576 1 0.216935 0.361054
-0.492404 0.586824 -0.642788 1 0.296215 0.34659
-0.454519 0.541675 -0.707107 0.977432 0.382713 0.323645
-0.413176 0.492404 -0.766044 0.880289 0.459734 0.325434
-0.368688 0.439385 -0.819152 0.830996 0.507234 0.332407
-0.321394 0.383022 -0.866025 0.807285 0.533342 0.300059
-0.271654 0.323744 -0.906308 0.789805 0.541541 0.242467
-0.219846 0.262003 -0.939693 0.763356 0.535685 0.179634
-0.166366 0.198267 -0.965926 0.716577 0.521275 0.123843
-0.111619 0.133022 -0.984808 0.615423 0.512601 0.0826907
-0.0560226 0.0667652 -0.996195 0.516355 0.498444 0.0593522
-7.87188e-17 9.38134e-17 -1 0.423657 0.483602 0.0575007
37
-0 0 1 0.423657 0.483602 0.0575007
-0.0667652 0.0560226 0.996195 0.351691 0.456577 0.0648176
-0.133022 0.111619 0.984808 0.292914 0.435371 0.0900417
-0.198267 0.166366 0.965926 0.247405 0.42348 0.126525
-0.262003 0.219846 0.939693 0.215316 0.422481 0.170438
-0.323744 0.271654 0.906308 0.196299 0.432121 0.217277
-0.383022 0.321394 0.866025 0.189243 0.450494 0.262235
-0.439385 0.368688 0.819152 0.192406 0.474261 0.30146
-0.492404 0.413176 0.766044 0.204143 0.49889 0.333124
-0.541675 0.454519 0.707107 0.223474 0.519158 0.357454
-0.586824 0.492404 0.642788 0.25015 0.529919 0.376095
-0.627507 0.526541 0.573576 0.284504 0.52689 0.391256
-0.663414 0.55667 0.5 0.327344 0.507286 0.404859
-0.694272 0.582563 0.422618 0.379869 0.470251 0.417822
-0.719846 0.604023 0.34202 0.443441 0.417039 0.429645
-0.739942 0.620885 0.258819 0.519355 0.350897 0.43864
-0.754407 0.633022 0.173648 0.607875 0.276872 0.442672
-0.763129 0.640342 0.0871557 0.70762 0.201258 0.440633
-0.766044 0.642788 6.12323e-17 0.814685 0.131043 0.433673
-0.763129 0.640342 -0.0871557 0.92255 0.0731766 0.425401
-0.754407 0.633022 -0.173648 1 0.0337747 0.420431
-0.739942 0.620885 -0.258819 1 0.0172993 0.421901
-0.719846 0.604023 -0.34202 1 0.0259237 0.429553
-0.694272 0.582563 -0.422618 1 0.0592737 0.439584
-0.663414 0.55667 -0.5 1 0.114607 0.446085
-0.627507 0.526541 -0.573576 1 0.187372 0.443081
-0.586824 0.492404 -0.642788 1 0.272102 0.426322
-0.541675 0.454519 -0.707107 1 0.363813 0.394999
-0.492404 0.413176 -0.766044 0.945555 0.460071 0.35575
-0.439385 0.368688 -0.819152 0.856814 0.522469 0.370005
-0.383022 0.321394 -0.866025 0.818488 0.555158 0.340032
-0.323744 0.271654 -0.906308 0.799807 0.565604 0.271328
-0.262003 0.219846 -0.939693 0.773905 0.559656 0.195618
-0.198267 0.166366 -0.965926 0.699057 0.551011 0.130855
-0.133022 0.111619 -0.984808 0.59907 0.536456 0.085807
-0.0667652 0.0560226 -0.996195 0.506224 0.512206 0.0605401
-9.38134e-17 7.87188e-17 -1 0.423657 0.483602 0.0575007
37
-0 0 1 0.423657 0.483602 0.0575007
-0.0754791 0.0435779 0.996195 0.366212 0.440686 0.0626178
-0.150384 0.0868241 0.984808 0.322042 0.401429 0.0831649
-0.224144 0.12941 0.965926 0.289451 0.370653 0.111054
-0.296198 0.17101 0.939693 0.266541 0.351464 0.142014
-0.365998 0.211309 0.906308 0.251073 0.345049 0.17294
-0.433013 0.25 0.866025 0.240991 0.350564 0.201991
-0.496732 0.286788 0.819152 0.234796 0.365342 0.228168
-0.55667 0.321394 0.766044 0.231641 0.385344 0.251141
-0.612372 0.353553 0.707107 0.231495 0.405674 0.271605
-0.663414 0.383022 0.642788 0.23533 0.421168 0.291355
-0.709406 0.409576 0.573576 0.245088 0.427083 0.312727
-0.75 0.433013 0.5 0.263608 0.419743 0.33766
-0.784886 0.453154 0.422618 0.295192 0.396816 0.366799
-0.813798 0.469846 0.34202 0.341128 0.360251 0.385035
-0.836516 0.482963 0.258819 0.398358 0.310348 0.423405
-0.852869 0.492404 0.173648 0.482696 0.24982 0.447377
-0.86273 0.498097 0.0871557 0.585923 0.185466 0.461882
-0.866025 0.5 6.12323e-17 0.703829 0.123625 0.467666
-0.86273 0.498097 -0.0871557 0.828305 0.0711333 0.468588
-0.852869 0.492404 -0.173648 0.948923 0.0343881 0.469918
-0.836516 0.482963 -0.258819 1 0.0184313 0.475378
-0.813798 0.469846 -0.34202 1 0.0262015 0.485098
-0.784886 0.453154 -0.422618 1 0.0581562 0.49558
-0.75 0.433013 -0.5 1 0.112315 0.501214
-0.709406 0.409576 -0.573576 1 0.18467 0.496237
-0.663414 0.383022 -0.642788 1 0.269952 0.476397
-0.612372 0.353553 -0.707107 1 0.362941 0.440391
-0.55667 0.321394 -0.766044 0.970861 0.460921 0.393363
-0.496732 0.286788 -0.819152 0.855 0.535202 0.395945
-0.433013 0.25 -0.866025 0.812962 0.571562 0.36508
-0.365998 0.211309 -0.906308 0.797848 0.583718 0.287237
-0.296198 0.17101 -0.939693 0.770653 0.579639 0.203268
-0.224144 0.12941 -0.965926 0.669491 0.578011 0.135223
-0.150384 0.0868241 -0.984808 0.575917 0.558271 0.0883829
-0.0754791 0.0435779 -0.996195 0.49326 0.524964 0.0617837
-1.06058e-16 6.12323e-17 -1 0.423657 0.483602 0.0575007
37
-0 0 1 0.423657 0.483602 0.0575007
-0.0818996 0.029809 0.996195 0.382216 0.426055 0.0608383
-0.163176 0.0593912 0.984808 0.353554 0.369697 0.0790973
-0.24321 0.0885213 0.965926 0.334719 0.320395 0.104376
-0.321394 0.116978 0.939693 0.322148 0.282676 0.132963
-0.397131 0.144544 0.906308 0.311391 0.259516 0.162211
-0.469846 0.17101 0.866025 0.293031 0.253657 0.188832
-0.538986 0.196175 0.819152 0.283644 0.25825 0.211821
-0.604023 0.219846 0.766044 0.26533 0.275079 0.233423
-0.664463 0.241845 0.707107 0.244989 0.297079 0.262448
-0.719846 0.262003 0.642788 0.230063 0.317863 0.29708
-0.769751 0.280167 0.573576 0.223967 0.332677 0.33467
-0.813798 0.296198 0.5 0.234943 0.336232 0.372433
-0.851651 0.309976 0.422618 0.25041 0.333108 0.383984
-0.883022 0.321394 0.34202 0.254993 0.323557 0.409214
-0.907673 0.330366 0.258819 0.269847 0.301039 0.463207
-0.925417 0.336824 0.173648 0.343531 0.257951 0.504636
-0.936117 0.340719 0.0871557 0.442946 0.208462 0.527357
-0.939693 0.34202 6.12323e-17 0.56187 0.158246 0.53554
-0.936117 0.340719 -0.0871557 0.69148 0.113599 0.534541
-0.925417 0.336824 -0.173648 0.820768 0.0807734 0.530399
-0.907673 0.330366 -0.258819 0.938548 0.065099 0.527565
-0.883022 0.321394 -0.34202 1 0.0701967 0.527257
-0.851651 0.309976 -0.422618 1 0.0974887 0.527398
-0.813798 0.296198 -0.5 1 0.146068 0.523801
-0.769751 0.280167 -0.573576 1 0.212928 0.511746
-0.719846 0.262003 -0.642788 1 0.293596 0.487425
-0.664463 0.241845 -0.707107 1 0.383427 0.449408
-0.604023 0.219846 -0.766044 0.918118 0.48044 0.40312
-0.538986 0.196175 -0.819152 0.819909 0.54973 0.412589
-0.469846 0.17101 -0.866025 0.793691 0.584487 0.36994
-0.397131 0.144544 -0.906308 0.786532 0.597233 0.285386
-0.321394 0.116978 -0.939693 0.720601 0.606541 0.201467
-0.24321 0.0885213 -0.965926 0.628124 0.602658 0.13645
-0.163176 0.0593912 -0.984808 0.546393 0.577938 0.0902406
-0.0818996 0.029809 -0.996195 0.477789 0.536473 0.0630501
-1.15079e-16 4.18854e-17 -1 0.423657 0.483602 0.0575007
37
-0 0 1 0.423657 0.483602 0.0575007
-0.0858316 0.0151344 0.996195 0.399175 0.413278 0.0595359
-0.17101 0.0301537 0.984808 0.386221 0.341739 0.0779611
-0.254887 0.0449435 0.965926 0.373449 0.277756 0.10739
-0.336824 0.0593912 0.939693 0.326597 0.236485 0.138979
-0.416198 0.0733869 0.906308 0.3028 0.20529 0.155252
-0.492404 0.0868241 0.866025 0.315642 0.180296 0.163556
-0.564863 0.0996005 0.819152 0.322772 0.169216 0.204508
-0.633022 0.111619 0.766044 0.303704 0.178296 0.253999
-0.696364 0.122788 0.707107 0.267048 0.202079 0.306916
-0.754407 0.133022 0.642788 0.221545 0.234872 0.353665
-0.806707 0.142244 0.573576 0.19237 0.265719 0.387371
-0.852869 0.150384 0.5 0.185791 0.287421 0.423969
-0.892539 0.157379 0.422618 0.180094 0.303706 0.462568
-0.925417 0.163176 0.34202 0.177883 0.312512 0.500361
-0.951251 0.167731 0.258819 0.178412 0.313571 0.540634
-0.969846 0.17101 0.173648 0.210147 0.299304 0.586925
-0.98106 0.172987 0.0871557 0.293592 0.26832 0.616656
-0.984808 0.173648 6.12323e-17 0.404054 0.231901 0.623035
-0.98106 0.172987 -0.0871557 0.529934 0.196518 0.611764
-0.969846 0.17101 -0.173648 0.658698 0.168434 0.59148
-0.951251 0.167731 -0.258819 0.778719 0.153102 0.569194
-0.925417 0.163176 -0.34202 0.880213 0.154618 0.548558
-0.892539 0.157379 -0.422618 0.95578 0.175264 0.529868
-0.852869 0.150384 -0.5 1 0.215264 0.510989
-0.806707 0.142244 -0.573576 1 0.27287 0.488631
-0.754407 0.133022 -0.642788 0.985891 0.344931 0.459683
-0.696364 0.122788 -0.707107 0.91752 0.428454 0.423414
-0.633022 0.111619 -0.766044 0.809923 0.51389 0.410888
-0.564863 0.0996005 -0.819152 0.768149 0.566105 0.410945
-0.492404 0.0868241 -0.866025 0.769056 0.595436 0.348141
-0.416198 0.0733869 -0.906308 0.739115 0.616635 0.265088
-0.336824 0.0593912 -0.939693 0.653515 0.632765 0.193354
-0.254887 0.0449435 -0.965926 0.576392 0.625242 0.135137
-0.17101 0.0301537 -0.984808 0.511428 0.595367 0.0915286
-0.0858316 0.0151344 -0.996195 0.460272 0.546519 0.0643385
-1.20604e-16 2.12658e-17 -1 0.423657 0.483602 0.0575007
37
-0 0 1 0.423657 0.483602 0.0575007
-0.0871557 1.06735e-17 0.996195 0.416564 0.402877 0.058679
-0.173648 2.12658e-17 0.984808 0.418737 0.319013 0.0793053
-0.258819 3.16962e-17 0.965926 0.371348 0.255625 0.112051
-0.34202 4.18854e-17 0.939693 0.332445 0.20296 0.131435
-0.422618 5.17558e-17 0.906308 0.357727 0.149033 0.128614
-0.5 6.12323e-17 0.866025 0.389433 0.106435 0.169947
-0.573576 7.02429e-17 0.819152 0.385606 0.0911419 0.224582
-0.642788 7.87188e-17 0.766044 0.3558 0.0989023 0.293679
-0.707107 8.65956e-17 0.707107 0.303702 0.12614 0.374721
-0.766044 9.38134e-17 0.642788 0.237184 0.167786 0.457228
-0.819152 1.00317e-16 0.573576 0.169692 0.217017 0.526236
-0.866025 1.06058e-16 0.5 0.11562 0.266159 0.572293
-0.906308 1.10991e-16 0.422618 0.112316 0.299263 0.60546
-0.939693 1.15079e-16 0.34202 0.11842 0.324793 0.635277
-0.965926 1.18292e-16 0.258819 0.131216 0.342389 0.657304
-0.984808 1.20604e-16 0.173648 0.151329 0.351641 0.671587
-0.996195 1.21999e-16 0.0871557 0.176628 0.353794 0.683137
-1 1.22465e-16 6.12323e-17 0.261469 0.335317 0.687925
-0.996195 1.21999e-16 -0.0871557 0.372794 0.31064 0.66969
-0.984808 1.20604e-16 -0.173648 0.493831 0.287572 0.632379
-0.965926 1.18292e-16 -0.258819 0.609197 0.272592 0.586555
-0.939693 1.15079e-16 -0.34202 0.707247 0.270496 0.54115
-0.906308 1.10991e-16 -0.422618 0.780349 0.284234 0.500464
-0.866025 1.06058e-16 -0.5 0.823492 0.314987 0.464943
-0.819152 1.00317e-16 -0.573576 0.832501 0.36245 0.432972
-0.766044 9.38134e-17 -0.642788 0.800302 0.42578 0.403519
-0.707107 8.65956e-17 -0.707107 0.737519 0.494912 0.404402
-0.642788 7.87188e-17 -0.766044 0.718525 0.545484 0.411146
-0.573576 7.02429e-17 -0.819152 0.731258 0.581953 0.367499
-0.5 6.12323e-17 -0.866025 0.711072 0.61646 0.3007
-0.422618 5.17558e-17 -0.906308 0.639843 0.648205 0.238931
-0.34202 4.18854e-17 -0.939693 0.573509 0.658582 0.18263
-0.258819 3.16962e-17 -0.965926 0.516818 0.645843 0.132803
-0.173648 2.12658e-17 -0.984808 0.472401 0.610428 0.0926819
-0.0871557 1.06735e-17 -0.996195 0.441294 0.55491 0.0656754
-1.22465e-16 1.49976e-32 -1 0.423657 0.483602 0.0575007
37
-0 -0 1 0.423657 0.483602 0.0575007
-0.0858316 -0.0151344 0.996195 0.433888 0.395274 0.0581673
-0.17101 -0.0301537 0.984808 0.436426 0.306786 0.0816775
-0.254887 -0.0449435 0.965926 0.37727 0.241316 0.113732
-0.336824 -0.0593912 0.939693 0.358152 0.178017 0.116114
-0.416198 -0.0733869 0.906308 0.420413 0.104822 0.131563
-0.492404 -0.0868241 0.866025 0.449855 0.0567338 0.180481
-0.564863 -0.0996005 0.819152 0.44633 0.0369545 0.245324
-0.633022 -0.111619 0.766044 0.412381 0.0436701 0.332516
-0.696364 -0.122788 0.707107 0.349313 0.0744777 0.441293
-0.754407 -0.133022 0.642788 0.2658 0.124682 0.558136
-0.806707 -0.142244 0.573576 0.177814 0.187341 0.660919
-0.852869 -0.150384 0.5 0.103073 0.254276 0.73053
-0.892539 -0.157379 0.422618 0.0662463 0.313936 0.762224
-0.925417 -0.163176 0.34202 0.0848518 0.354808 0.778519
-0.951251 -0.167731 0.258819 0.110147 0.388123 0.78257
-0.969846 -0.17101 0.173648 0.144188 0.412048 0.770661
-0.98106 -0.172987 0.0871557 0.187154 0.426342 0.74312
-0.984808 -0.173648 6.12323e-17 0.236956 0.43237 0.70437
-0.98106 -0.172987 -0.0871557 0.289724 0.432802 0.661794
-0.969846 -0.17101 -0.173648 0.359319 0.42576 0.62227
-0.951251 -0.167731 -0.258819 0.462184 0.411007 0.570616
-0.925417 -0.163176 -0.34202 0.551906 0.405167 0.506604
-0.892539 -0.157379 -0.422618 0.607205 0.415057 0.445379
-0.852869 -0.150384 -0.5 0.616143 0.44373 0.400513
-0.806707 -0.142244 -0.573576 0.621784 0.474896 0.401867
-0.754407 -0.133022 -0.642788 0.638821 0.507635 0.396972
-0.696364 -0.122788 -0.707107 0.664177 0.540956 0.37437
-0.633022 -0.111619 -0.766044 0.677888 0.576595 0.336533
-0.564863 -0.0996005 -0.819152 0.631659 0.623139 0.29722
-0.492404 -0.0868241 -0.866025 0.579936 0.659918 0.258291
-0.416198 -0.0733869 -0.906308 0.529771 0.681453 0.217058
-0.336824 -0.0593912 -0.939693 0.486204 0.68368 0.173891
-0.254887 -0.0449435 -0.965926 0.45268 0.664271 0.13153
-0.17101 -0.0301537 -0.984808 0.431031 0.622923 0.0943065
-0.0858316 -0.0151344 -0.996195 0.421536 0.56147 0.0670978
-1.20604e-16 -2.12658e-17 -1 0.423657 0.483602 0.0575007
37
-0 -0 1 0.423657 0.483602 0.0575007
-0.0818996 -0.029809 0.996195 0.450697 0.390761 0.0578648
-0.163176 -0.0593912 0.984808 0.445797 0.303752 0.0830845
-0.24321 -0.0885213 0.965926 0.390758 0.235629 0.113439
-0.321394 -0.116978 0.939693 0.387613 0.16614 0.106402
-0.397131 -0.144544 0.906308 0.466368 0.0839072 0.136236
-0.469846 -0.17101 0.866025 0.498541 0.0321026 0.191196
-0.538986 -0.196175 0.819152 0.496634 0.0098129 0.264837
-0.604023 -0.219846 0.766044 0.460634 0.0164395 0.366467
-0.664463 -0.241845 0.707107 0.390821 0.0503805 0.496526
-0.719846 -0.262003 0.642788 0.296909 0.107285 0.638928
-0.769751 -0.280167 0.573576 0.197028 0.18021 0.766179
-0.813798 -0.296198 0.5 0.110887 0.260763 0.853074
-0.851651 -0.309976 0.422618 0.0527976 0.340593 0.888069
-0.883022 -0.321394 0.34202 0.0829039 0.39479 0.892344
-0.907673 -0.330366 0.258819 0.120142 0.441762 0.882589
-0.925417 -0.336824 0.173648 0.163706 0.479302 0.855556
-0.936117 -0.340719 0.0871557 0.213276 0.506192 0.811187
-0.939693 -0.34202 6.12323e-17 0.267097 0.522766 0.7529
-0.936117 -0.340719 -0.0871557 0.321761 0.53086 0.687173
-0.925417 -0.336824 -0.173648 0.371172 0.533805 0.623436
-0.907673 -0.330366 -0.258819 0.398277 0.539743 0.561303
-0.883022 -0.321394 -0.34202 0.438353 0.544737 0.466444
-0.851651 -0.309976 -0.422618 0.495008 0.543983 0.402148
-0.813798 -0.296198 -0.5 0.536324 0.549615 0.359978
-0.769751 -0.280167 -0.573576 0.557345 0.564738 0.329967
-0.719846 -0.262003 -0.642788 0.558604 0.588935 0.307848
-0.664463 -0.241845 -0.707107 0.543058 0.619655 0.290693
-0.604023 -0.219846 -0.766044 0.515549 0.652755 0.275318
-0.538986 -0.196175 -0.819152 0.481877 0.683148 0.258166
-0.469846 -0.17101 -0.866025 0.447819 0.705503 0.236038
-0.397131 -0.144544 -0.906308 0.418422 0.714869 0.207145
-0.321394 -0.116978 -0.939693 0.397547 0.707243 0.171958
-0.24321 -0.0885213 -0.965926 0.387563 0.680058 0.133518
-0.163176 -0.0593912 -0.984808 0.389216 0.632564 0.0970088
-0.0818996 -0.029809 -0.996195 0.401736 0.566036 0.0686295
-1.15079e-16 -4.18854e-17 -1 0.423657 0.483602 0.0575007
37
-0 -0 1 0.423657 0.483602 0.0575007
-0.0754791 -0.0435779 0.996195 0.466599 0.389478 0.0576388
-0.150384 -0.0868241 0.984808 0.459499 0.306234 0.0834086
-0.224144 -0.12941 0.965926 0.4099 0.239083 0.112857
-0.296198 -0.17101 0.939693 0.411761 0.169739 0.105968
-0.365998 -0.211309 0.906308 0.496438 0.0862818 0.139069
-0.433013 -0.25 0.866025 0.531301 0.0334727 0.199873
-0.496732 -0.286788 0.819152 0.528976 0.0109226 0.281151
-0.55667 -0.321394 0.766044 0.49105 0.018198 0.391741
-0.612372 -0.353553 0.707107 0.418902 0.0540349 0.531545
-0.663414 -0.383022 0.642788 0.323114 0.114452 0.683544
-0.709406 -0.409576 0.573576 0.222284 0.192851 0.819086
-0.75 -0.433013 0.5 0.136023 0.281131 0.911675
-0.784886 -0.453154 0.422618 0.0785429 0.371027 0.947747
-0.813798 -0.469846 0.34202 0.114293 0.436111 0.946583
-0.836516 -0.482963 0.258819 0.161235 0.493711 0.931563
-0.852869 -0.492404 0.173648 0.210822 0.542781 0.901948
-0.86273 -0.498097 0.0871557 0.259326 0.581835 0.860461
-0.866025 -0.5 6.12323e-17 0.300315 0.611258 0.813799
-0.86273 -0.498097 -0.0871557 0.323864 0.633595 0.771581
-0.852869 -0.492404 -0.173648 0.31763 0.659594 0.681132
-0.836516 -0.482963 -0.258819 0.338281 0.673422 0.558121
-0.813798 -0.469846 -0.34202 0.37458 0.675794 0.458192
-0.784886 -0.453154 -0.422618 0.406329 0.67516 0.385911
-0.75 -0.433013 -0.5 0.424957 0.676872 0.33692
-0.709406 -0.409576 -0.573576 0.428384 0.683539 0.305991
-0.663414 -0.383022 -0.642788 0.418064 0.695572 0.288093
-0.612372 -0.353553 -0.707107 0.397631 0.711541 0.278115
-0.55667 -0.321394 -0.766044 0.37195 0.728584 0.2707
-0.496732 -0.286788 -0.819152 0.34626 0.742892 0.260555
-0.433013 -0.25 -0.866025 0.32544 0.750227 0.243305
-0.365998 -0.211309 -0.906308 0.313455 0.746444 0.216613
-0.296198 -0.17101 -0.939693 0.312946 0.728005 0.181096
-0.224144 -0.12941 -0.965926 0.324957 0.69248 0.140541
-0.150384 -0.0868241 -0.984808 0.348877 0.638983 0.101198
-0.0754791 -0.0435779 -0.996195 0.382645 0.568458 0.0702574
-1.06058e-16 -6.12323e-17 -1 0.423657 0.483602 0.0575007
37
-0 -0 1 0.423657 0.483602 0.0575007
-0.0667652 -0.0560226 0.996195 0.481261 0.391413 0.0573942
-0.133022 -0.111619 0.984808 0.477235 0.314029 0.0826901
-0.198267 -0.166366 0.965926 0.433651 0.251441 0.112309
-0.262003 -0.219846 0.939693 0.430106 0.188288 0.113283
-0.323744 -0.271654 0.906308 0.508578 0.111632 0.13685
-0.383022 -0.321394 0.866025 0.547934 0.0596749 0.200785
-0.439385 -0.368688 0.819152 0.54469 0.0382315 0.285659
-0.492404 -0.413176 0.766044 0.506008 0.0460066 0.396683
-0.541675 -0.454519 0.707107 0.436435 0.0815836 0.532004
-0.586824 -0.492404 0.642788 0.347123 0.141377 0.675924
-0.627507 -0.526541 0.573576 0.255392 0.219509 0.803152
-0.663414 -0.55667 0.5 0.17894 0.308689 0.890321
-0.694272 -0.582563 0.422618 0.130467 0.401332 0.925013
-0.719846 -0.604023 0.34202 0.175856 0.47064 0.926578
-0.739942 -0.620885 0.258819 0.228779 0.535119 0.917021
-0.754407 -0.633022 0.173648 0.280925 0.592871 0.89802
-0.763129 -0.640342 0.0871557 0.324512 0.642552 0.875051
-0.766044 -0.642788 6.12323e-17 0.348508 0.684818 0.856176
-0.763129 -0.640342 -0.0871557 0.337342 0.726167 0.818378
-0.754407 -0.633022 -0.173648 0.329183 0.761708 0.705448
-0.739942 -0.620885 -0.258819 0.343142 0.779323 0.598901
-0.719846 -0.604023 -0.34202 0.358512 0.786215 0.512568
-0.694272 -0.582563 -0.422618 0.364916 0.787999 0.448003
-0.663414 -0.55667 -0.5 0.358886 0.788445 0.402956
-0.627507 -0.526541 -0.573576 0.341045 0.789699 0.373827
-0.586824 -0.492404 -0.642788 0.314557 0.792432 0.356089
-0.541675 -0.454519 -0.707107 0.284066 0.79599 0.344359
-0.492404 -0.413176 -0.766044 0.254796 0.798635 0.33272
-0.439385 -0.368688 -0.819152 0.231799 0.797827 0.315526
-0.383022 -0.321394 -0.866025 0.219368 0.790542 0.288628
-0.323744 -0.271654 -0.906308 0.220567 0.773648 0.250648
-0.262003 -0.219846 -0.939693 0.236867 0.74434 0.203732
-0.198267 -0.166366 -0.965926 0.267954 0.700625 0.153331
-0.133022 -0.111619 -0.984808 0.311802 0.641762 0.106902
-0.0667652 -0.0560226 -0.996195 0.364989 0.568611 0.0719137
-9.38134e-17 -7.87188e-17 -1 0.423657 0.483602 0.0575007
37
-0 -0 1 0.423657 0.483602 0.0575007
-0.0560226 -0.0667652 0.996195 0.494393 0.396406 0.0570955
-0.111619 -0.133022 0.984808 0.498469 0.32665 0.0811059
-0.166366 -0.198267 0.965926 0.462301 0.271619 0.110838
-0.219846 -0.262003 0.939693 0.448735 0.21883 0.123641
-0.271654 -0.323744 0.906308 0.496699 0.159727 0.128133
-0.321394 -0.383022 0.866025 0.549437 0.108299 0.187405
-0.368688 -0.439385 0.819152 0.550891 0.0873347 0.26761
-0.413176 -0.492404 0.766044 0.516358 0.0939529 0.368365
-0.454519 -0.541675 0.707107 0.45513 0.126103 0.486112
-0.492404 -0.586824 0.642788 0.379011 0.180541 0.608335
-0.526541 -0.627507 0.573576 0.303227 0.252362 0.716037
-0.55667 -0.663414 0.5 0.24268 0.335499 0.791683
-0.582563 -0.694272 0.422618 0.208723 0.423306 0.825841
-0.604023 -0.719846 0.34202 0.259658 0.491919 0.836903
-0.620885 -0.739942 0.258819 0.314224 0.559046 0.84221
-0.633022 -0.754407 0.173648 0.365565 0.622076 0.844756
-0.640342 -0.763129 0.0871557 0.403502 0.679815 0.85032
-0.642788 -0.766044 6.12323e-17 0.417151 0.732355 0.863647
-0.640342 -0.763129 -0.0871557 0.398384 0.786734 0.823613
-0.633022 -0.754407 -0.173648 0.393455 0.826594 0.751961
-0.620885 -0.739942 -0.258819 0.393261 0.851521 0.685882
-0.604023 -0.719846 -0.34202 0.3859 0.865904 0.631394
-0.582563 -0.694272 -0.422618 0.366587 0.873101 0.589153
-0.55667 -0.663414 -0.5 0.335184 0.875521 0.557621
-0.526541 -0.627507 -0.573576 0.29456 0.874715 0.533857
-0.492404 -0.586824 -0.642788 0.249424 0.871416 0.5137
-0.454519 -0.541675 -0.707107 0.205385 0.86559 0.492089
-0.413176 -0.492404 -0.766044 0.168186 0.856487 0.463769
-0.368688 -0.439385 -0.819152 0.143062 0.842729 0.42446
-0.321394 -0.383022 -0.866025 0.134137 0.822474 0.372229
-0.271654 -0.323744 -0.906308 0.143881 0.793677 0.308606
-0.219846 -0.262003 -0.939693 0.172736 0.754453 0.238868
-0.166366 -0.198267 -0.965926 0.219083 0.703491 0.171027
-0.111619 -0.133022 -0.984808 0.27954 0.64047 0.113654
-0.0560226 -0.0667652 -0.996195 0.349424 0.5664 0.0734724
-7.87188e-17 -9.38134e-17 -1 0.423657 0.483602 0.0575007
37
-0 -0 1 0.423657 0.483602 0.0575007
-0.0435779 -0.0754791 0.996195 0.505739 0.404167 0.0567683
-0.0868241 -0.150384 0.984808 0.522443 0.343372 0.0789901
-0.12941 -0.224144 0.965926 0.49613 0.298032 0.107647
-0.17101 -0.296198 0.939693 0.476907 0.257037 0.130095
-0.211309 -0.365998 0.906308 0.481248 0.2192 0.136363
-0.25 -0.433013 0.866025 0.525635 0.178849 0.160308
-0.286788 -0.496732 0.819152 0.547384 0.154728 0.223935
-0.321394 -0.55667 0.766044 0.528985 0.156139 0.303878
-0.353553 -0.612372 0.707107 0.484979 0.180198 0.395113
-0.383022 -0.663414 0.642788 0.428467 0.223842 0.489107
-0.409576 -0.709406 0.573576 0.372836 0.283227 0.573989
-0.433013 -0.75 0.5 0.330347 0.353763 0.638647
-0.453154 -0.784886 0.422618 0.309798 0.430525 0.676801
-0.469846 -0.813798 0.34202 0.354158 0.495959 0.699917
-0.482963 -0.836516 0.258819 0.406546 0.56128 0.724696
-0.492404 -0.852869 0.173648 0.454756 0.625748 0.75374
-0.498097 -0.86273 0.0871557 0.489419 0.687994 0.789779
-0.5 -0.866025 6.12323e-17 0.503322 0.74716 0.829189
-0.498097 -0.86273 -0.0871557 0.496933 0.805592 0.821293
-0.492404 -0.852869 -0.173648 0.492717 0.850617 0.808264
-0.482963 -0.836516 -0.258819 0.47978 0.884078 0.796128
-0.469846 -0.813798 -0.34202 0.452853 0.907546 0.786082
-0.453154 -0.784886 -0.422618 0.411026 0.922305 0.777145
-0.433013 -0.75 -0.5 0.356501 0.929447 0.766996
-0.409576 -0.709406 -0.573576 0.293646 0.929892 0.752265
-0.383022 -0.663414 -0.642788 0.228285 0.92432 0.728842
-0.353553 -0.612372 -0.707107 0.167095 0.913064 0.692433
-0.321394 -0.55667 -0.766044 0.116947 0.896034 0.639437
-0.286788 -0.496732 -0.819152 0.0840778 0.872723 0.568169
-0.25 -0.433013 -0.866025 0.0731185 0.842316 0.480207
-0.211309 -0.365998 -0.906308 0.0862707 0.803882 0.381316
-0.17101 -0.296198 -0.939693 0.122971 0.756616 0.281124
-0.12941 -0.224144 -0.965926 0.180219 0.70012 0.190978
-0.0868241 -0.150384 -0.984808 0.253319 0.634724 0.120499
-0.0435779 -0.0754791 -0.996195 0.336506 0.561776 0.0747612
-6.12323e-17 -1.06058e-16 -1 0.423657 0.483602 0.0575007
37
-0 -0 1 0.423657 0.483602 0.0575007
-0.029809 -0.0818996 0.996195 0.515057 0.414306 0.0564853
-0.0593912 -0.163176 0.984808 0.548161 0.363294 0.0768352
-0.0885213 -0.24321 0.965926 0.534187 0.328951 0.103273
-0.116978 -0.321394 0.939693 0.518514 0.299365 0.128943
-0.144544 -0.397131 0.906308 0.506943 0.274599 0.148729
-0.17101 -0.469846 0.866025 0.502453 0.255337 0.162655
-0.196175 -0.538986 0.819152 0.502809 0.243478 0.17565
-0.219846 -0.604023 0.766044 0.51692 0.234876 0.219424
-0.241845 -0.664463 0.707107 0.508571 0.243522 0.276462
-0.262003 -0.719846 0.642788 0.486163 0.26868 0.339052
-0.280167 -0.769751 0.573576 0.460822 0.307877 0.402108
-0.296198 -0.813798 0.5 0.441762 0.358387 0.46077
-0.309976 -0.851651 0.422618 0.435435 0.417306 0.511457
-0.321394 -0.883022 0.34202 0.445549 0.481566 0.55187
-0.330366 -0.907673 0.258819 0.494127 0.540713 0.591553
-0.336824 -0.925417 0.173648 0.540044 0.602274 0.642335
-0.340719 -0.936117 0.0871557 0.576885 0.6646 0.70154
-0.34202 -0.939693 6.12323e-17 0.601631 0.725718 0.759349
-0.340719 -0.936117 -0.0871557 0.614113 0.782995 0.806633
-0.336824 -0.925417 -0.173648 0.613697 0.832677 0.851999
-0.330366 -0.907673 -0.258819 0.595691 0.873982 0.893982
-0.321394 -0.883022 -0.34202 0.558035 0.906377 0.929911
-0.309976 -0.851651 -0.422618 0.501097 0.929647 0.956398
-0.296198 -0.813798 -0.5 0.427721 0.943838 0.969597
-0.280167 -0.769751 -0.573576 0.343199 0.949128 0.965425
-0.262003 -0.719846 -0.642788 0.254951 0.945715 0.939885
-0.241845 -0.664463 -0.707107 0.171812 0.933747 0.889607
-0.219846 -0.604023 -0.766044 0.102926 0.913307 0.812713
-0.196175 -0.538986 -0.819152 0.0563736 0.884464 0.710052
-0.17101 -0.469846 -0.866025 0.0377624 0.847339 0.586591
-0.144544 -0.397131 -0.906308 0.0491692 0.802178 0.452319
-0.116978 -0.321394 -0.939693 0.0889388 0.749408 0.321476
-0.0885213 -0.24321 -0.965926 0.152548 0.689719 0.20916
-0.0593912 -0.163176 -0.984808 0.234003 0.624239 0.126166
-0.029809 -0.0818996 -0.996195 0.326666 0.554751 0.0755914
-4.18854e-17 -1.15079e-16 -1 0.423657 0.483602 0.0575007
37
-0 -0 1 0.423657 0.483602 0.0575007
-0.0151344 -0.0858316 0.996195 0.522113 0.426364 0.0563395
-0.0301537 -0.17101 0.984808 0.574442 0.385416 0.0752075
-0.0449435 -0.254887 0.965926 0.57432 0.362644 0.0994772
-0.0593912 -0.336824 0.939693 0.56893 0.343733 0.12404
-0.0733869 -0.416198 0.906308 0.559526 0.328323 0.146079
-0.0868241 -0.492404 0.866025 0.54702 0.31656 0.165124
-0.0996005 -0.564863 0.819152 0.532111 0.309109 0.182517
-0.111619 -0.633022 0.766044 0.515978 0.306953 0.200365
-0.122788 -0.696364 0.707107 0.500784 0.311132 0.220728
-0.133022 -0.754407 0.642788 0.489584 0.322533 0.245267
-0.142244 -0.806707 0.573576 0.485722 0.341779 0.27518
-0.150384 -0.852869 0.5 0.491983 0.369166 0.311292
-0.157379 -0.892539 0.422618 0.509784 0.404632 0.354215
-0.163176 -0.925417 0.34202 0.538701 0.447705 0.40439
-0.167731 -0.951251 0.258819 0.576509 0.497436 0.461885
-0.17101 -0.969846 0.173648 0.619645 0.552321 0.526057
-0.172987 -0.98106 0.0871557 0.665358 0.609558 0.598163
-0.173648 -0.984808 6.12323e-17 0.700531 0.668256 0.685009
-0.172987 -0.98106 -0.0871557 0.709728 0.731129 0.761748
-0.17101 -0.969846 -0.173648 0.722136 0.784767 0.83276
-0.167731 -0.951251 -0.258819 0.710984 0.832693 0.904277
-0.163176 -0.925417 -0.34202 0.675373 0.872698 0.971183
-0.157379 -0.892539 -0.422618 0.615482 0.903132 1
-0.150384 -0.852869 -0.5 0.533634 0.922901 1
-0.142244 -0.806707 -0.573576 0.431445 0.933326 1
-0.133022 -0.754407 -0.642788 0.316466 0.936444 1
-0.122788 -0.696364 -0.707107 0.208292 0.927877 1
-0.111619 -0.633022 -0.766044 0.118072 0.907786 0.935378
-0.0996005 -0.564863 -0.819152 0.0552241 0.876839 0.811619
-0.0868241 -0.492404 -0.866025 0.0259313 0.836166 0.663199
-0.0733869 -0.416198 -0.906308 0.0320223 0.787268 0.503309
-0.0593912 -0.336824 -0.939693 0.0708492 0.731865 0.349859
-0.0449435 -0.254887 -0.965926 0.136554 0.671765 0.221215
-0.0301537 -0.17101 -0.984808 0.222074 0.608888 0.129374
-0.0151344 -0.0858316 -0.996195 0.320201 0.54541 0.075798
-2.12658e-17 -1.20604e-16 -1 0.423657 0.483602 0.0575007
37
-0 -0 1 0.423657 0.483602 0.0575007
-1.60102e-17 -0.0871557 0.996195 0.52668 0.439847 0.0564151
-3.18987e-17 -0.173648 0.984808 0.600014 0.408705 0.0745851
-4.75443e-17 -0.258819 0.965926 0.613885 0.397414 0.0982149
-6.28281e-17 -0.34202 0.939693 0.621131 0.388371 0.122113
-7.76337e-17 -0.422618 0.906308 0.621513 0.380173 0.143372
-9.18485e-17 -0.5 0.866025 0.615373 0.372011 0.160725
-1.05364e-16 -0.573576 0.819152 0.603902 0.363763 0.174265
-1.18078e-16 -0.642788 0.766044 0.589303 0.355981 0.185069
-1.29893e-16 -0.707107 0.707107 0.574651 0.349795 0.194913
-1.4072e-16 -0.766044 0.642788 0.563461 0.346773 0.206065
-1.50476e-16 -0.819152 0.573576 0.559153 0.348709 0.221023
-1.59086e-16 -0.866025 0.5 0.564569 0.357359 0.242153
-1.66486e-16 -0.906308 0.422618 0.581591 0.374159 0.271317
-1.72619e-16 -0.939693 0.34202 0.610793 0.399972 0.309651
-1.77438e-16 -0.965926 0.258819 0.65108 0.434933 0.35758
-1.80906e-16 -0.984808 0.173648 0.700075 0.478119 0.415715
-1.82998e-16 -0.996195 0.0871557 0.759549 0.523814 0.506416
-1.83697e-16 -1 6.12323e-17 0.798551 0.578949 0.611635
-1.82998e-16 -0.996195 -0.0871557 0.807287 0.642208 0.724708
-1.80906e-16 -0.984808 -0.173648 0.778223 0.711948 0.832069
-1.77438e-16 -0.965926 -0.258819 0.718148 0.783884 0.905719
-1.72619e-16 -0.939693 -0.34202 0.704297 0.82957 0.956051
-1.66486e-16 -0.906308 -0.422618 0.658349 0.866231 1
-1.59086e-16 -0.866025 -0.5 0.582804 0.892109 1
-1.50476e-16 -0.819152 -0.573576 0.484829 0.905548 1
-1.4072e-16 -0.766044 -0.642788 0.373018 0.905838 1
-1.29893e-16 -0.707107 -0.707107 0.249272 0.900237 1
-1.18078e-16 -0.642788 -0.766044 0.144156 0.881884 0.978125
-1.05364e-16 -0.573576 -0.819152 0.0697392 0.850596 0.84754
-9.18485e-17 -0.5 -0.866025 0.0319339 0.808609 0.690125
-7.76337e-17 -0.422618 -0.906308 0.0322976 0.758634 0.52059
-6.28281e-17 -0.34202 -0.939693 0.0677923 0.703541 0.358474
-4.75443e-17 -0.258819 -0.965926 0.132058 0.64607 0.223775
-3.18987e-17 -0.173648 -0.984808 0.217651 0.58874 0.129183
-1.60102e-17 -0.0871557 -0.996195 0.317261 0.533923 0.0752797
-2.24964e-32 -1.22465e-16 -1 0.423657 0.483602 0.0575007
37
0 -0 1 0.423657 0.483602 0.0575007
0.0151344 -0.0858316 0.996195 0.528543 0.454253 0.0567647
0.0301537 -0.17101 0.984808 0.623638 0.432174 0.0751948
0.0449435 -0.254887 0.965926 0.650373 0.43167 0.100661
0.0593912 -0.336824 0.939693 0.669623 0.431399 0.127503
0.0733869 -0.416198 0.906308 0.680292 0.428961 0.152239
0.0868241 -0.492404 0.866025 0.682308 0.422697 0.172581
0.0996005 -0.564863 0.819152 0.676808 0.411908 0.18748
0.111619 -0.633022 0.766044 0.666168 0.39694 0.197018
0.122788 -0.696364 0.707107 0.653868 0.379125 0.202215
0.133022 -0.754407 0.642788 0.644129 0.360598 0.204802
0.142244 -0.806707 0.573576 0.641328 0.344033 0.20704
0.150384 -0.852869 0.5 0.649115 0.332354 0.21162
0.157379 -0.892539 0.422618 0.66945 0.328449 0.221566
0.163176 -0.925417 0.34202 0.701973 0.334848 0.239966
0.167731 -0.951251 0.258819 0.757884 0.347376 0.287758
0.17101 -0.969846 0.173648 0.810869 0.374174 0.357288
0.172987 -0.98106 0.0871557 0.851154 0.416345 0.444267
0.173648 -0.984808 6.12323e-17 0.872609 0.472124 0.546022
0.172987 -0.98106 -0.0871557 0.868903 0.538781 0.65742
0.17101 -0.969846 -0.173648 0.83401 0.613072 0.769965
0.167731 -0.951251 -0.258819 0.764086 0.691666 0.868066
0.163176 -0.925417 -0.34202 0.678486 0.766511 0.919362
0.157379 -0.892539 -0.422618 0.652202 0.808009 0.951693
0.150384 -0.852869 -0.5 0.58799 0.83911 0.995102
0.142244 -0.806707 -0.573576 0.495421 0.857523 1
0.133022 -0.754407 -0.642788 0.387197 0.861435 1
0.122788 -0.696364 -0.707107 0.26779 0.856131 1
0.111619 -0.633022 -0.766044 0.163317 0.838478 0.935259
0.0996005 -0.564863 -0.819152 0.0887643 0.807033 0.810949
0.0868241 -0.492404 -0.866025 0.0492952 0.765095 0.660918
0.0733869 -0.416198 -0.906308 0.046537 0.716363 0.499176
0.0593912 -0.336824 -0.939693 0.0780745 0.664512 0.344295
0.0449435 -0.254887 -0.965926 0.138331 0.612832 0.215553
0.0301537 -0.17101 -0.984808 0.220524 0.564094 0.125294
0.0151344 -0.0858316 -0.996195 0.317858 0.52055 0.0740301
2.12658e-17 -1.20604e-16 -1 0.423657 0.483602 0.0575007
37
0 -0 1 0.423657 0.483602 0.0575007
0.029809 -0.0818996 0.996195 0.527517 0.469106 0.0573976
0.0593912 -0.163176 0.984808 0.628284 0.459684 0.0768091
0.0885213 -0.24321 0.965926 0.681732 0.464028 0.10675
0.116978 -0.321394 0.939693 0.710746 0.471085 0.140857
0.144544 -0.397131 0.906308 0.729596 0.472936 0.175047
0.17101 -0.469846 0.866025 0.738293 0.467245 0.205275
0.196175 -0.538986 0.819152 0.738958 0.452743 0.227756
0.219846 -0.604023 0.766044 0.735962 0.429308 0.239304
0.241845 -0.664463 0.707107 0.735052 0.398033 0.238396
0.262003 -0.719846 0.642788 0.741004 0.361449 0.226698
0.280167 -0.769751 0.573576 0.755473 0.323654 0.209199
0.296198 -0.813798 0.5 0.791441 0.284259 0.205227
0.309976 -0.851651 0.422618 0.835984 0.251423 0.222227
0.321394 -0.883022 0.34202 0.871914 0.235413 0.249248
0.330366 -0.907673 0.258819 0.899778 0.238323 0.288583
0.336824 -0.925417 0.173648 0.918204 0.260929 0.342127
0.340719 -0.936117 0.0871557 0.924566 0.302456 0.410369
0.34202 -0.939693 6.12323e-17 0.915688 0.360532 0.491762
0.340719 -0.936117 -0.0871557 0.888345 0.431405 0.58252
0.336824 -0.925417 -0.173648 0.83942 0.510428 0.676592
0.330366 -0.907673 -0.258819 0.765633 0.592924 0.764607
0.321394 -0.883022 -0.34202 0.665962 0.675046 0.825348
0.309976 -0.851651 -0.422618 0.619736 0.729772 0.840422
0.296198 -0.813798 -0.5 0.560762 0.765763 0.882373
0.280167 -0.769751 -0.573576 0.470331 0.789425 0.92591
0.262003 -0.719846 -0.642788 0.364219 0.799534 0.941198
0.241845 -0.664463 -0.707107 0.257531 0.797345 0.896512
0.219846 -0.604023 -0.766044 0.170144 0.778605 0.818336
0.196175 -0.538986 -0.819152 0.107504 0.746828 0.711243
0.17101 -0.469846 -0.866025 0.0740068 0.706177 0.582586
0.144544 -0.397131 -0.906308 0.0717291 0.661007 0.443683
0.116978 -0.321394 -0.939693 0.0997192 0.615372 0.30994
0.0885213 -0.24321 -0.965926 0.154279 0.572667 0.197795
0.0593912 -0.163176 -0.984808 0.23022 0.535502 0.118163
0.029809 -0.0818996 -0.996195 0.321878 0.505647 0.0721472
4.18854e-17 -1.15079e-16 -1 0.423657 0.483602 0.0575007
37
0 -0 1 0.423657 0.483602 0.0575007
0.0435779 -0.0754791 0.996195 0.523472 0.483966 0.0582809
0.0868241 -0.150384 0.984808 0.625019 0.486898 0.0794891
0.12941 -0.224144 0.965926 0.706506 0.493408 0.115206
0.17101 -0.296198 0.939693 0.742315 0.506104 0.159706
0.211309 -0.365998 0.906308 0.766462 0.510692 0.20764
0.25 -0.433013 0.866025 0.780237 0.504289 0.251674
0.286788 -0.496732 0.819152 0.789896 0.484699 0.281922
0.321394 -0.55667 0.766044 0.806236 0.450432 0.288939
0.353553 -0.612372 0.707107 0.836382 0.402276 0.27169
0.383022 -0.663414 0.642788 0.894885 0.337554 0.258609
0.409576 -0.709406 0.573576 0.956986 0.267419 0.268655
0.433013 -0.75 0.5 0.995828 0.208498 0.277692
0.453154 -0.784886 0.422618 1 0.164802 0.287259
0.469846 -0.813798 0.34202 1 0.140091 0.300924
0.482963 -0.836516 0.258819 1 0.137072 0.322508
0.492404 -0.852869 0.173648 0.999123 0.15676 0.35474
0.498097 -0.86273 0.0871557 0.966732 0.198148 0.398389
0.5 -0.866025 6.12323e-17 0.921782 0.258211 0.452056
0.498097 -0.86273 -0.0871557 0.864937 0.332215 0.512554
0.492404 -0.852869 -0.173648 0.796814 0.414272 0.575502
0.482963 -0.836516 -0.258819 0.717402 0.498187 0.635556
0.469846 -0.813798 -0.34202 0.623946 0.57921 0.682921
0.453154 -0.784886 -0.422618 0.567479 0.638945 0.693643
0.433013 -0.75 -0.5 0.496186 0.680573 0.748531
0.409576 -0.709406 -0.573576 0.399814 0.713571 0.76352
0.383022 -0.663414 -0.642788 0.312263 0.726874 0.750075
0.353553 -0.612372 -0.707107 0.235615 0.721756 0.712814
0.321394 -0.55667 -0.766044 0.173107 0.701424 0.65241
0.286788 -0.496732 -0.819152 0.128529 0.670124 0.571048
0.25 -0.433013 -0.866025 0.105335 0.632641 0.473255
0.211309 -0.365998 -0.906308 0.105907 0.593677 0.366781
0.17101 -0.296198 -0.939693 0.130841 0.557299 0.262849
0.12941 -0.224144 -0.965926 0.178625 0.526632 0.173945
0.0868241 -0.150384 -0.984808 0.246066 0.503774 0.108906
0.0435779 -0.0754791 -0.996195 0.329088 0.489659 0.0698192
6.12323e-17 -1.06058e-16 -1 0.423657 0.483602 0.0575007
37
0 -0 1 0.423657 0.483602 0.0575007
0.0560226 -0.0667652 0.996195 0.516355 0.498444 0.0593522
0.111619 -0.133022 0.984808 0.615423 0.512601 0.0826907
0.166366 -0.198267 0.965926 0.716577 0.521275 0.123843
0.219846 -0.262003 0.939693 0.763356 0.535685 0.179634
0.271654 -0.323744 0.906308 0.789805 0.541541 0.242467
0.321394 -0.383022 0.866025 0.807285 0.533342 0.300059
0.368688 -0.439385 0.819152 0.830996 0.507234 0.332407
0.413176 -0.492404 0.766044 0.880289 0.459734 0.325434
0.454519 -0.541675 0.707107 0.977432 0.382713 0.323645
0.492404 -0.586824 0.642788 1 0.296215 0.34659
0.526541 -0.627507 0.573576 1 0.216935 0.361054
0.55667 -0.663414 0.5 1 0.148997 0.366484
0.582563 -0.694272 0.422618 1 0.0973626 0.366343
0.604023 -0.719846 0.34202 1 0.0665091 0.365828
0.620885 -0.739942 0.258819 1 0.0594474 0.370069
0.633022 -0.754407 0.173648 1 0.0770757 0.38242
0.640342 -0.763129 0.0871557 0.968111 0.117907 0.403392
0.642788 -0.766044 6.12323e-17 0.888122 0.178198 0.4308
0.640342 -0.763129 -0.0871557 0.802562 0.252416 0.461013
0.633022 -0.754407 -0.173648 0.715383 0.333899 0.490431
0.620885 -0.739942 -0.258819 0.629332 0.415612 0.516329
0.604023 -0.719846 -0.34202 0.545267 0.491152 0.536503
0.582563 -0.694272 -0.422618 0.472683 0.552141 0.551499
0.55667 -0.663414 -0.5 0.398053 0.598923 0.558158
0.526541 -0.627507 -0.573576 0.33146 0.626569 0.555481
0.492404 -0.586824 -0.642788 0.272651 0.635449 0.541922
0.454519 -0.541675 -0.707107 0.222813 0.62764 0.515877
0.413176 -0.492404 -0.766044 0.183471 0.606884 0.476263
0.368688 -0.439385 -0.819152 0.156447 0.57802 0.42308
0.321394 -0.383022 -0.866025 0.143838 0.546245 0.358116
0.271654 -0.323744 -0.906308 0.14778 0.516347 0.285728
0.219846 -0.262003 -0.939693 0.169804 0.492146 0.213093
0.166366 -0.198267 -0.965926 0.210073 0.47625 0.148657
0.111619 -0.133022 -0.984808 0.267262 0.46997 0.099026
0.0560226 -0.0667652 -0.996195 0.339161 0.473108 0.067291
7.87188e-17 -9.38134e-17 -1 0.423657 0.483602 0.0575007
37
0 -0 1 0.423657 0.483602 0.0575007
0.0667652 -0.0560226 0.996195 0.506224 0.512206 0.0605401
0.133022 -0.111619 0.984808 0.59907 0.536456 0.085807
0.198267 -0.166366 0.965926 0.699057 0.551011 0.130855
0.262003 -0.219846 0.939693 0.773905 0.559656 0.195618
0.323744 -0.271654 0.906308 0.799807 0.565604 0.271328
0.383022 -0.321394 0.866025 0.818488 0.555158 0.340032
0.439385 -0.368688 0.819152 0.856814 0.522469 0.370005
0.492404 -0.413176 0.766044 0.945555 0.460071 0.35575
0.541675 -0.454519 0.707107 1 0.363813 0.394999
0.586824 -0.492404 0.642788 1 0.272102 0.426322
0.627507 -0.526541 0.573576 1 0.187372 0.443081
0.663414 -0.55667 0.5 1 0.114607 0.446085
0.694272 -0.582563 0.422618 1 0.0592737 0.439584
0.719846 -0.604023 0.34202 1 0.0259237 0.429553
0.739942 -0.620885 0.258819 1 0.0172993 0.421901
0.754407 -0.633022 0.173648 1 0.0337747 0.420431
0.763129 -0.640342 0.0871557 0.92255 0.0731766 0.425401
0.766044 -0.642788 6.12323e-17 0.814685 0.131043 0.433673
0.763129 -0.640342 -0.0871557 0.70762 0.201258 0.440633
0.754407 -0.633022 -0.173648 0.607875 0.276872 0.442672
0.739942 -0.620885 -0.258819 0.519355 0.350897 0.43864
0.719846 -0.604023 -0.34202 0.443441 0.417039 0.429645
0.694272 -0.582563 -0.422618 0.379869 0.470251 0.417822
0.663414 -0.55667 -0.5 0.327344 0.507286 0.404859
0.627507 -0.526541 -0.573576 0.284504 0.52689 0.391256
0.586824 -0.492404 -0.642788 0.25015 0.529919 0.376095
0.541675 -0.454519 -0.707107 0.223474 0.519158 0.357454
0.492404 -0.413176 -0.766044 0.204143 0.49889 0.333124
0.439385 -0.368688 -0.819152 0.192406 0.474261 0.30146
0.383022 -0.321394 -0.866025 0.189243 0.450494 0.262235
0.323744 -0.271654 -0.906308 0.196299 0.432121 0.217277
0.262003 -0.219846 -0.939693 0.215316 0.422481 0.170438
0.198267 -0.166366 -0.965926 0.247405 0.42348 0.126525
0.133022 -0.111619 -0.984808 0.292914 0.435371 0.0900417
0.0667652 -0.0560226 -0.996195 0.351691 0.456577 0.0648176
9.38134e-17 -7.87188e-17 -1 0.423657 0.483602 0.0575007
37
0 -0 1 0.423657 0.483602 0.0575007
0.0754791 -0.0435779 0.996195 0.49326 0.524964 0.0617837
0.150384 -0.0868241 0.984808 0.575917 0.558271 0.0883829
0.224144 -0.12941 0.965926 0.669491 0.578011 0.135223
0.296198 -0.17101 0.939693 0.770653 0.579639 0.203268
0.365998 -0.211309 0.906308 0.797848 0.583718 0.287237
0.433013 -0.25 0.866025 0.812962 0.571562 0.36508
0.496732 -0.286788 0.819152 0.855 0.535202 0.395945
0.55667 -0.321394 0.766044 0.970861 0.460921 0.393363
0.612372 -0.353553 0.707107 1 0.362941 0.440391
0.663414 -0.383022 0.642788 1 0.269952 0.476397
0.709406 -0.409576 0.573576 1 0.18467 0.496237
0.75 -0.433013 0.5 1 0.112315 0.501214
0.784886 -0.453154 0.422618 1 0.0581562 0.49558
0.813798 -0.469846 0.34202 1 0.0262015 0.485098
0.836516 -0.482963 0.258819 1 0.0184313 0.475378
0.852869 -0.492404 0.173648 0.948923 0.0343881 0.469918
0.86273 -0.498097 0.0871557 0.828305 0.0711333 0.468588
0.866025 -0.5 6.12323e-17 0.703829 0.123625 0.467666
0.86273 -0.498097 -0.0871557 0.585923 0.185466 0.461882
0.852869 -0.492404 -0.173648 0.482696 0.24982 0.447377
0.836516 -0.482963 -0.258819 0.398358 0.310348 0.423405
0.813798 -0.469846 -0.34202 0.341128 0.360251 0.385035
0.784886 -0.453154 -0.422618 0.295192 0.396816 0.366799
0.75 -0.433013 -0.5 0.263608 0.419743 0.33766
0.709406 -0.409576 -0.573576 0.245088 0.427083 0.312727
0.663414 -0.383022 -0.642788 0.23533 0.421168 0.291355
0.612372 -0.353553 -0.707107 0.231495 0.405674 0.271605
0.55667 -0.321394 -0.766044 0.231641 0.385344 0.251141
0.496732 -0.286788 -0.819152 0.234796 0.365342 0.228168
0.433013 -0.25 -0.866025 0.240991 0.350564 0.201991
0.365998 -0.211309 -0.906308 0.251073 0.345049 0.17294
0.296198 -0.17101 -0.939693 0.266541 0.351464 0.142014
0.224144 -0.12941 -0.965926 0.289451 0.370653 0.111054
0.150384 -0.0868241 -0.984808 0.322042 0.401429 0.0831649
0.0754791 -0.0435779 -0.996195 0.366212 0.440686 0.0626178
1.06058e-16 -6.12323e-17 -1 0.423657 0.483602 0.0575007
37
0 -0 1 0.423657 0.483602 0.0575007
0.0818996 -0.029809 0.996195 0.477789 0.536473 0.0630501
0.163176 -0.0593912 0.984808 0.546393 0.577938 0.0902406
0.24321 -0.0885213 0.965926 0.628124 0.602658 0.13645
0.321394 -0.116978 0.939693 0.720601 0.606541 0.201467
0.397131 -0.144544 0.906308 0.786532 0.597233 0.285386
0.469846 -0.17101 0.866025 0.793691 0.584487 0.36994
0.538986 -0.196175 0.819152 0.819909 0.54973 0.412589
0.604023 -0.219846 0.766044 0.918118 0.48044 0.40312
0.664463 -0.241845 0.707107 1 0.383427 0.449408
0.719846 -0.262003 0.642788 1 0.293596 0.487425
0.769751 -0.280167 0.573576 1 0.212928 0.511746
0.813798 -0.296198 0.5 1 0.146068 0.523801
0.851651 -0.309976 0.422618 1 0.0974887 0.527398
0.883022 -0.321394 0.34202 1 0.0701967 0.527257
0.907673 -0.330366 0.258819 0.938548 0.065099 0.527565
0.925417 -0.336824 0.173648 0.820768 0.0807734 0.530399
0.936117 -0.340719 0.0871557 0.69148 0.113599 0.534541
0.939693 -0.34202 6.12323e-17 0.56187 0.158246 0.53554
0.936117 -0.340719 -0.0871557 0.442946 0.208462 0.527357
0.925417 -0.336824 -0.173648 0.343531 0.257951 0.504636
0.907673 -0.330366 -0.258819 0.269847 0.301039 0.463207
0.883022 -0.321394 -0.34202 0.254993 0.323557 0.409214
0.851651 -0.309976 -0.422618 0.25041 0.333108 0.383984
0.813798 -0.296198 -0.5 0.234943 0.336232 0.372433
0.769751 -0.280167 -0.573576 0.223967 0.332677 0.33467
0.719846 -0.262003 -0.642788 0.230063 0.317863 0.29708
0.664463 -0.241845 -0.707107 0.244989 0.297079 0.262448
0.604023 -0.219846 -0.766044 0.26533 0.275079 0.233423
0.538986 -0.196175 -0.819152 0.283644 0.25825 0.211821
0.469846 -0.17101 -0.866025 0.293031 0.253657 0.188832
0.397131 -0.144544 -0.906308 0.311391 0.259516 0.162211
0.321394 -0.116978 -0.939693 0.322148 0.282676 0.132963
0.24321 -0.0885213 -0.965926 0.334719 0.320395 0.104376
0.163176 -0.0593912 -0.984808 0.353554 0.369697 0.0790973
0.0818996 -0.029809 -0.996195 0.382216 0.426055 0.0608383
1.15079e-16 -4.18854e-17 -1 0.423657 0.483602 0.0575007
37
0 -0 1 0.423657 0.483602 0.0575007
0.0858316 -0.0151344 0.996195 0.460272 0.546519 0.0643385
0.17101 -0.0301537 0.984808 0.511428 0.595367 0.0915286
0.254887 -0.0449435 0.965926 0.576392 0.625242 0.135137
0.336824 -0.0593912 0.939693 0.653515 0.632765 0.193354
0.416198 -0.0733869 0.906308 0.739115 0.616635 0.265088
0.492404 -0.0868241 0.866025 0.769056 0.595436 0.348141
0.564863 -0.0996005 0.819152 0.768149 0.566105 0.410945
0.633022 -0.111619 0.766044 0.809923 0.51389 0.410888
0.696364 -0.122788 0.707107 0.91752 0.428454 0.423414
0.754407 -0.133022 0.642788 0.985891 0.344931 0.459683
0.806707 -0.142244 0.573576 1 0.27287 0.488631
0.852869 -0.150384 0.5 1 0.215264 0.510989
0.892539 -0.157379 0.422618 0.95578 0.175264 0.529868
0.925417 -0.163176 0.34202 0.880213 0.154618 0.548558
0.951251 -0.167731 0.258819 0.778719 0.153102 0.569194
0.969846 -0.17101 0.173648 0.658698 0.168434 0.59148
0.98106 -0.172987 0.0871557 0.529934 0.196518 0.611764
0.984808 -0.173648 6.12323e-17 0.404054 0.231901 0.623035
0.98106 -0.172987 -0.0871557 0.293592 0.26832 0.616656
0.969846 -0.17101 -0.173648 0.210147 0.299304 0.586925
0.951251 -0.167731 -0.258819 0.178412 0.313571 0.540634
0.925417 -0.163176 -0.34202 0.177883 0.312512 0.500361
0.892539 -0.157379 -0.422618 0.180094 0.303706 0.462568
0.852869 -0.150384 -0.5 0.185791 0.287421 0.423969
0.806707 -0.142244 -0.573576 0.19237 0.265719 0.387371
0.754407 -0.133022 -0.642788 0.221545 0.234872 0.353665
0.696364 -0.122788 -0.707107 0.267048 0.202079 0.306916
0.633022 -0.111619 -0.766044 0.303704 0.178296 0.253999
0.564863 -0.0996005 -0.819152 0.322772 0.169216 0.204508
0.492404 -0.0868241 -0.866025 0.315642 0.180296 0.163556
0.416198 -0.0733869 -0.906308 0.3028 0.20529 0.155252
0.336824 -0.0593912 -0.939693 0.326597 0.236485 0.138979
0.254887 -0.0449435 -0.965926 0.373449 0.277756 0.10739
0.17101 -0.0301537 -0.984808 0.386221 0.341739 0.0779611
0.0858316 -0.0151344 -0.996195 0.399175 0.413278 0.0595359
1.20604e-16 -2.12658e-17 -1 0.423657 0.483602 0.0575007
