36
19
0.000000 0.000000 -1.000000 0.298039 0.517647 0.082353
0.173648 0.000000 -0.984808 0.337255 0.341176 0.086275
0.342020 0.000000 -0.939693 0.305882 0.211765 0.125490
0.500000 0.000000 -0.866025 0.400000 0.105882 0.133333
0.642788 0.000000 -0.766044 0.411765 0.090196 0.231373
0.766044 0.000000 -0.642788 0.313725 0.149020 0.403922
0.866025 0.000000 -0.500000 0.184314 0.247059 0.560784
0.939693 0.000000 -0.342020 0.184314 0.305882 0.635294
0.984808 0.000000 -0.173648 0.219608 0.333333 0.670588
1.000000 0.000000 0.000000 0.349020 0.313725 0.654902
0.984808 0.000000 0.173648 0.588235 0.266667 0.552941
0.939693 0.000000 0.342020 0.780392 0.258824 0.450980
0.866025 0.000000 0.500000 0.854902 0.313725 0.388235
0.766044 0.000000 0.642788 0.780392 0.435294 0.360784
0.642788 0.000000 0.766044 0.674510 0.560784 0.403922
0.500000 0.000000 0.866025 0.615686 0.643137 0.313725
0.342020 0.000000 0.939693 0.439216 0.694118 0.219608
0.173648 0.000000 0.984808 0.325490 0.650980 0.129412
0.000000 0.000000 1.000000 0.298039 0.517647 0.082353
19
0.000000 0.000000 -1.000000 0.298039 0.517647 0.082353
0.171010 0.030154 -0.984808 0.356863 0.329412 0.082353
0.336824 0.059391 -0.939693 0.329412 0.188235 0.101961
0.492404 0.086824 -0.866025 0.474510 0.054902 0.125490
0.633022 0.111619 -0.766044 0.498039 0.027451 0.235294
0.754407 0.133022 -0.642788 0.388235 0.098039 0.458824
0.852869 0.150384 -0.500000 0.211765 0.227451 0.690196
0.925417 0.163176 -0.342020 0.172549 0.329412 0.776471
0.969846 0.171010 -0.173648 0.219608 0.388235 0.776471
0.984808 0.173648 0.000000 0.298039 0.415686 0.705882
0.969846 0.171010 0.173648 0.407843 0.411765 0.611765
0.925417 0.163176 0.342020 0.576471 0.400000 0.474510
0.852869 0.150384 0.500000 0.600000 0.450980 0.384314
0.754407 0.133022 0.642788 0.603922 0.517647 0.392157
0.633022 0.111619 0.766044 0.607843 0.596078 0.345098
0.492404 0.086824 0.866025 0.470588 0.690196 0.294118
0.336824 0.059391 0.939693 0.352941 0.717647 0.223529
0.171010 0.030154 0.984808 0.286275 0.662745 0.137255
0.000000 0.000000 1.000000 0.298039 0.517647 0.082353
19
0.000000 0.000000 -1.000000 0.298039 0.517647 0.082353
0.163176 0.059391 -0.984808 0.368627 0.325490 0.082353
0.321394 0.116978 -0.939693 0.356863 0.176471 0.090196
0.469846 0.171010 -0.866025 0.533333 0.027451 0.125490
0.604023 0.219846 -0.766044 0.568627 0.000000 0.247059
0.719846 0.262003 -0.642788 0.450980 0.074510 0.509804
0.813798 0.296198 -0.500000 0.247059 0.227451 0.788235
0.883022 0.321394 -0.342020 0.184314 0.364706 0.886275
0.925417 0.336824 -0.173648 0.243137 0.454902 0.870588
0.939693 0.342020 0.000000 0.317647 0.505882 0.772549
0.925417 0.336824 0.173648 0.392157 0.525490 0.639216
0.883022 0.321394 0.342020 0.419608 0.549020 0.490196
0.813798 0.296198 0.500000 0.482353 0.564706 0.376471
0.719846 0.262003 0.642788 0.482353 0.607843 0.333333
0.604023 0.219846 0.766044 0.415686 0.678431 0.317647
0.469846 0.171010 0.866025 0.329412 0.737255 0.294118
0.321394 0.116978 0.939693 0.262745 0.741176 0.231373
0.163176 0.059391 0.984808 0.247059 0.670588 0.145098
0.000000 0.000000 1.000000 0.298039 0.517647 0.082353
19
0.000000 0.000000 -1.000000 0.298039 0.517647 0.082353
0.150384 0.086824 -0.984808 0.380392 0.329412 0.082353
0.296198 0.171010 -0.939693 0.376471 0.180392 0.090196
0.433013 0.250000 -0.866025 0.564706 0.031373 0.129412
0.556670 0.321394 -0.766044 0.603922 0.000000 0.262745
0.663414 0.383022 -0.642788 0.486275 0.078431 0.541176
0.750000 0.433013 -0.500000 0.282353 0.243137 0.839216
0.813798 0.469846 -0.342020 0.219608 0.403922 0.941176
0.852869 0.492404 -0.173648 0.286275 0.517647 0.921569
0.866025 0.500000 0.000000 0.345098 0.596078 0.847059
0.852869 0.492404 0.173648 0.317647 0.654902 0.737255
0.813798 0.469846 0.342020 0.321569 0.686275 0.517647
0.750000 0.433013 0.500000 0.341176 0.698039 0.392157
0.663414 0.383022 0.642788 0.317647 0.721569 0.349020
0.556670 0.321394 0.766044 0.262745 0.752941 0.341176
0.433013 0.250000 0.866025 0.203922 0.776471 0.325490
0.296198 0.171010 0.939693 0.180392 0.760784 0.254902
0.150384 0.086824 0.984808 0.211765 0.674510 0.152941
0.000000 0.000000 1.000000 0.298039 0.517647 0.082353
19
0.000000 0.000000 -1.000000 0.298039 0.517647 0.082353
0.133022 0.111619 -0.984808 0.392157 0.337255 0.082353
0.262003 0.219846 -0.939693 0.392157 0.200000 0.098039
0.383022 0.321394 -0.866025 0.572549 0.058824 0.133333
0.492404 0.413176 -0.766044 0.611765 0.027451 0.278431
0.586824 0.492404 -0.642788 0.498039 0.109804 0.549020
0.663414 0.556670 -0.500000 0.317647 0.274510 0.827451
0.719846 0.604023 -0.342020 0.274510 0.443137 0.925490
0.754407 0.633022 -0.173648 0.349020 0.572549 0.917647
0.766044 0.642788 0.000000 0.384314 0.670588 0.894118
0.754407 0.633022 0.173648 0.309804 0.760784 0.780392
0.719846 0.604023 0.342020 0.294118 0.796078 0.596078
0.663414 0.556670 0.500000 0.266667 0.807843 0.490196
0.586824 0.492404 0.642788 0.211765 0.815686 0.450980
0.492404 0.413176 0.766044 0.145098 0.819608 0.435294
0.383022 0.321394 0.866025 0.105882 0.815686 0.396078
0.262003 0.219846 0.939693 0.113725 0.772549 0.294118
0.133022 0.111619 0.984808 0.180392 0.674510 0.164706
0.000000 0.000000 1.000000 0.298039 0.517647 0.082353
19
0.000000 0.000000 -1.000000 0.298039 0.517647 0.082353
0.111619 0.133022 -0.984808 0.407843 0.352941 0.082353
0.219846 0.262003 -0.939693 0.407843 0.231373 0.109804
0.321394 0.383022 -0.866025 0.556863 0.109804 0.137255
0.413176 0.492404 -0.766044 0.596078 0.078431 0.274510
0.492404 0.586824 -0.642788 0.498039 0.156863 0.509804
0.556670 0.663414 -0.500000 0.352941 0.305882 0.745098
0.604023 0.719846 -0.342020 0.337255 0.470588 0.835294
0.633022 0.754407 -0.173648 0.415686 0.603922 0.862745
0.642788 0.766044 0.000000 0.447059 0.721569 0.901961
0.633022 0.754407 0.173648 0.372549 0.823529 0.827451
0.604023 0.719846 0.342020 0.329412 0.874510 0.725490
0.556670 0.663414 0.500000 0.258824 0.886275 0.662745
0.492404 0.586824 0.642788 0.164706 0.886275 0.635294
0.413176 0.492404 0.766044 0.074510 0.870588 0.596078
0.321394 0.383022 0.866025 0.031373 0.839216 0.501961
0.219846 0.262003 0.939693 0.054902 0.780392 0.345098
0.111619 0.133022 0.984808 0.152941 0.674510 0.176471
0.000000 0.000000 1.000000 0.298039 0.517647 0.082353
19
0.000000 0.000000 -1.000000 0.298039 0.517647 0.082353
0.086824 0.150384 -0.984808 0.423529 0.372549 0.078431
0.171010 0.296198 -0.939693 0.427451 0.274510 0.117647
0.250000 0.433013 -0.866025 0.501961 0.188235 0.129412
0.321394 0.556670 -0.766044 0.564706 0.152941 0.239216
0.383022 0.663414 -0.642788 0.501961 0.207843 0.423529
0.433013 0.750000 -0.500000 0.403922 0.337255 0.607843
0.469846 0.813798 -0.342020 0.403922 0.482353 0.701961
0.492404 0.852869 -0.173648 0.486275 0.615686 0.768627
0.500000 0.866025 0.000000 0.521569 0.737255 0.858824
0.492404 0.852869 0.173648 0.482353 0.847059 0.866667
0.469846 0.813798 0.342020 0.419608 0.909804 0.866667
0.433013 0.750000 0.500000 0.313725 0.933333 0.874510
0.383022 0.663414 0.642788 0.172549 0.925490 0.862745
0.321394 0.556670 0.766044 0.047059 0.901961 0.792157
0.250000 0.433013 0.866025 0.000000 0.854902 0.631373
0.171010 0.296198 0.939693 0.015686 0.776471 0.400000
0.086824 0.150384 0.984808 0.129412 0.666667 0.184314
0.000000 0.000000 1.000000 0.298039 0.517647 0.082353
19
0.000000 0.000000 -1.000000 0.298039 0.517647 0.082353
0.059391 0.163176 -0.984808 0.443137 0.396078 0.078431
0.116978 0.321394 -0.939693 0.450980 0.317647 0.121569
0.171010 0.469846 -0.866025 0.462745 0.270588 0.145098
0.219846 0.604023 -0.766044 0.501961 0.243137 0.188235
0.262003 0.719846 -0.642788 0.501961 0.266667 0.301961
0.296198 0.813798 -0.500000 0.470588 0.352941 0.439216
0.321394 0.883022 -0.342020 0.462745 0.474510 0.549020
0.336824 0.925417 -0.173648 0.552941 0.600000 0.647059
0.342020 0.939693 0.000000 0.611765 0.721569 0.772549
0.336824 0.925417 0.173648 0.619608 0.827451 0.882353
0.321394 0.883022 0.342020 0.560784 0.898039 0.980392
0.296198 0.813798 0.500000 0.427451 0.933333 1.000000
0.262003 0.719846 0.642788 0.239216 0.937255 1.000000
0.219846 0.604023 0.766044 0.062745 0.909804 0.968627
0.171010 0.469846 0.866025 0.000000 0.854902 0.749020
0.116978 0.321394 0.939693 0.000000 0.764706 0.447059
0.059391 0.163176 0.984808 0.117647 0.650980 0.192157
0.000000 0.000000 1.000000 0.298039 0.517647 0.082353
19
0.000000 0.000000 -1.000000 0.298039 0.517647 0.082353
0.030154 0.171010 -0.984808 0.458824 0.419608 0.078431
0.059391 0.336824 -0.939693 0.486275 0.368627 0.117647
0.086824 0.492404 -0.866025 0.490196 0.333333 0.152941
0.111619 0.633022 -0.766044 0.474510 0.321569 0.188235
0.133022 0.754407 -0.642788 0.462745 0.333333 0.231373
0.150384 0.852869 -0.500000 0.474510 0.376471 0.301961
0.163176 0.925417 -0.342020 0.525490 0.450980 0.396078
0.171010 0.969846 -0.173648 0.611765 0.556863 0.517647
0.173648 0.984808 0.000000 0.705882 0.666667 0.678431
0.171010 0.969846 0.173648 0.733333 0.780392 0.835294
0.163176 0.925417 0.342020 0.701961 0.862745 0.992157
0.150384 0.852869 0.500000 0.568627 0.905882 1.000000
0.133022 0.754407 0.642788 0.337255 0.921569 1.000000
0.111619 0.633022 0.766044 0.101961 0.898039 1.000000
0.086824 0.492404 0.866025 0.000000 0.835294 0.823529
0.059391 0.336824 0.939693 0.000000 0.745098 0.478431
0.030154 0.171010 0.984808 0.109804 0.635294 0.196078
0.000000 0.000000 1.000000 0.298039 0.517647 0.082353
19
0.000000 0.000000 -1.000000 0.298039 0.517647 0.082353
0.000000 0.173648 -0.984808 0.478431 0.443137 0.078431
0.000000 0.342020 -0.939693 0.521569 0.419608 0.117647
0.000000 0.500000 -0.866025 0.537255 0.396078 0.152941
0.000000 0.642788 -0.766044 0.525490 0.376471 0.176471
0.000000 0.766044 -0.642788 0.513725 0.364706 0.196078
0.000000 0.866025 -0.500000 0.521569 0.372549 0.227451
0.000000 0.939693 -0.342020 0.576471 0.411765 0.294118
0.000000 0.984808 -0.173648 0.678431 0.486275 0.396078
0.000000 1.000000 0.000000 0.803922 0.580392 0.580392
0.000000 0.984808 0.173648 0.811765 0.705882 0.807843
0.000000 0.939693 0.342020 0.737255 0.819608 0.960784
0.000000 0.866025 0.500000 0.623529 0.878431 1.000000
0.000000 0.766044 0.642788 0.411765 0.886275 1.000000
0.000000 0.642788 0.766044 0.145098 0.866667 1.000000
0.000000 0.500000 0.866025 0.000000 0.807843 0.843137
0.000000 0.342020 0.939693 0.000000 0.717647 0.482353
0.000000 0.173648 0.984808 0.109804 0.615686 0.192157
0.000000 0.000000 1.000000 0.298039 0.517647 0.082353
19
-0.000000 0.000000 -1.000000 0.298039 0.517647 0.082353
-0.030154 0.171010 -0.984808 0.494118 0.470588 0.078431
-0.059391 0.336824 -0.939693 0.556863 0.462745 0.125490
-0.086824 0.492404 -0.866025 0.592157 0.450980 0.164706
-0.111619 0.633022 -0.766044 0.592157 0.419608 0.184314
-0.133022 0.754407 -0.642788 0.584314 0.380392 0.188235
-0.150384 0.852869 -0.500000 0.596078 0.349020 0.188235
-0.163176 0.925417 -0.342020 0.654902 0.352941 0.211765
-0.171010 0.969846 -0.173648 0.792157 0.384314 0.309804
-0.173648 0.984808 0.000000 0.886275 0.474510 0.486275
-0.171010 0.969846 0.173648 0.874510 0.603922 0.721569
-0.163176 0.925417 0.342020 0.717647 0.752941 0.917647
-0.150384 0.852869 0.500000 0.623529 0.823529 1.000000
-0.133022 0.754407 0.642788 0.427451 0.843137 1.000000
-0.111619 0.633022 0.766044 0.168627 0.827451 1.000000
-0.086824 0.492404 0.866025 0.007843 0.764706 0.800000
-0.059391 0.336824 0.939693 0.000000 0.674510 0.458824
-0.030154 0.171010 0.984808 0.117647 0.588235 0.184314
-0.000000 0.000000 1.000000 0.298039 0.517647 0.082353
19
-0.000000 0.000000 -1.000000 0.298039 0.517647 0.082353
-0.059391 0.163176 -0.984808 0.490196 0.498039 0.082353
-0.116978 0.321394 -0.939693 0.592157 0.505882 0.141176
-0.171010 0.469846 -0.866025 0.643137 0.494118 0.200000
-0.219846 0.604023 -0.766044 0.662745 0.450980 0.223529
-0.262003 0.719846 -0.642788 0.682353 0.380392 0.200000
-0.296198 0.813798 -0.500000 0.737255 0.305882 0.164706
-0.321394 0.883022 -0.342020 0.843137 0.250980 0.188235
-0.336824 0.925417 -0.173648 0.917647 0.270588 0.266667
-0.342020 0.939693 0.000000 0.941176 0.360784 0.411765
-0.336824 0.925417 0.173648 0.882353 0.501961 0.611765
-0.321394 0.883022 0.342020 0.705882 0.662745 0.811765
-0.296198 0.813798 0.500000 0.588235 0.752941 0.901961
-0.262003 0.719846 0.642788 0.392157 0.784314 1.000000
-0.219846 0.604023 0.766044 0.164706 0.768627 0.925490
-0.171010 0.469846 0.866025 0.031373 0.705882 0.705882
-0.116978 0.321394 0.939693 0.027451 0.627451 0.407843
-0.059391 0.163176 0.984808 0.129412 0.560784 0.172549
-0.000000 0.000000 1.000000 0.298039 0.517647 0.082353
19
-0.000000 0.000000 -1.000000 0.298039 0.517647 0.082353
-0.086824 0.150384 -0.984808 0.482353 0.529412 0.090196
-0.171010 0.296198 -0.939693 0.619608 0.541176 0.160784
-0.250000 0.433013 -0.866025 0.690196 0.533333 0.243137
-0.321394 0.556670 -0.766044 0.741176 0.470588 0.266667
-0.383022 0.663414 -0.642788 0.839216 0.356863 0.211765
-0.433013 0.750000 -0.500000 0.976471 0.223529 0.200000
-0.469846 0.813798 -0.342020 1.000000 0.149020 0.203922
-0.492404 0.852869 -0.173648 1.000000 0.160784 0.247059
-0.500000 0.866025 0.000000 0.960784 0.254902 0.352941
-0.492404 0.852869 0.173648 0.835294 0.407843 0.505882
-0.469846 0.813798 0.342020 0.650980 0.572549 0.666667
-0.433013 0.750000 0.500000 0.513725 0.674510 0.768627
-0.383022 0.663414 0.642788 0.313725 0.721569 0.815686
-0.321394 0.556670 0.766044 0.152941 0.698039 0.749020
-0.250000 0.433013 0.866025 0.062745 0.635294 0.576471
-0.171010 0.296198 0.939693 0.062745 0.568627 0.345098
-0.086824 0.150384 0.984808 0.149020 0.529412 0.156863
-0.000000 0.000000 1.000000 0.298039 0.517647 0.082353
19
-0.000000 0.000000 -1.000000 0.298039 0.517647 0.082353
-0.111619 0.133022 -0.984808 0.470588 0.552941 0.094118
-0.219846 0.262003 -0.939693 0.639216 0.572549 0.180392
-0.321394 0.383022 -0.866025 0.725490 0.556863 0.290196
-0.413176 0.492404 -0.766044 0.823529 0.478431 0.294118
-0.492404 0.586824 -0.642788 1.000000 0.309804 0.266667
-0.556670 0.663414 -0.500000 1.000000 0.152941 0.247059
-0.604023 0.719846 -0.342020 1.000000 0.066667 0.231373
-0.633022 0.754407 -0.173648 1.000000 0.070588 0.247059
-0.642788 0.766044 0.000000 0.945098 0.172549 0.317647
-0.633022 0.754407 0.173648 0.752941 0.329412 0.423529
-0.604023 0.719846 0.342020 0.556863 0.490196 0.525490
-0.556670 0.663414 0.500000 0.388235 0.596078 0.592157
-0.492404 0.586824 0.642788 0.247059 0.635294 0.607843
-0.413176 0.492404 0.766044 0.149020 0.607843 0.556863
-0.321394 0.383022 0.866025 0.098039 0.552941 0.435294
-0.219846 0.262003 0.939693 0.105882 0.505882 0.274510
-0.111619 0.133022 0.984808 0.172549 0.494118 0.137255
-0.000000 0.000000 1.000000 0.298039 0.517647 0.082353
19
-0.000000 0.000000 -1.000000 0.298039 0.517647 0.082353
-0.133022 0.111619 -0.984808 0.454902 0.576471 0.101961
-0.262003 0.219846 -0.939693 0.650980 0.596078 0.200000
-0.383022 0.321394 -0.866025 0.745098 0.576471 0.329412
-0.492404 0.413176 -0.766044 0.894118 0.478431 0.313725
-0.586824 0.492404 -0.642788 1.000000 0.278431 0.321569
-0.663414 0.556670 -0.500000 1.000000 0.109804 0.294118
-0.719846 0.604023 -0.342020 1.000000 0.015686 0.262745
-0.754407 0.633022 -0.173648 1.000000 0.023529 0.266667
-0.766044 0.642788 0.000000 0.890196 0.121569 0.313725
-0.754407 0.633022 0.173648 0.650980 0.270588 0.380392
-0.719846 0.604023 0.342020 0.447059 0.415686 0.423529
-0.663414 0.556670 0.500000 0.301961 0.509804 0.439216
-0.586824 0.492404 0.642788 0.211765 0.533333 0.431373
-0.492404 0.413176 0.766044 0.164706 0.505882 0.392157
-0.383022 0.321394 0.866025 0.145098 0.458824 0.313725
-0.262003 0.219846 0.939693 0.152941 0.435294 0.211765
-0.133022 0.111619 0.984808 0.200000 0.458824 0.121569
-0.000000 0.000000 1.000000 0.298039 0.517647 0.082353
19
-0.000000 0.000000 -1.000000 0.298039 0.517647 0.082353
-0.150384 0.086824 -0.984808 0.427451 0.600000 0.109804
-0.296198 0.171010 -0.939693 0.647059 0.615686 0.207843
-0.433013 0.250000 -0.866025 0.745098 0.592157 0.356863
-0.556670 0.321394 -0.766044 0.929412 0.478431 0.345098
-0.663414 0.383022 -0.642788 1.000000 0.274510 0.356863
-0.750000 0.433013 -0.500000 1.000000 0.101961 0.337255
-0.813798 0.469846 -0.342020 1.000000 0.011765 0.305882
-0.852869 0.492404 -0.173648 1.000000 0.015686 0.301961
-0.866025 0.500000 0.000000 0.800000 0.105882 0.345098
-0.852869 0.492404 0.173648 0.537255 0.239216 0.388235
-0.813798 0.469846 0.342020 0.349020 0.356863 0.384314
-0.750000 0.433013 0.500000 0.243137 0.423529 0.368627
-0.663414 0.383022 0.642788 0.203922 0.427451 0.329412
-0.556670 0.321394 0.766044 0.200000 0.392157 0.282353
-0.433013 0.250000 0.866025 0.203922 0.360784 0.227451
-0.296198 0.171010 0.939693 0.211765 0.364706 0.164706
-0.150384 0.086824 0.984808 0.231373 0.423529 0.105882
-0.000000 0.000000 1.000000 0.298039 0.517647 0.082353
19
-0.000000 0.000000 -1.000000 0.298039 0.517647 0.082353
-0.163176 0.059391 -0.984808 0.400000 0.619608 0.117647
-0.321394 0.116978 -0.939693 0.592157 0.643137 0.215686
-0.469846 0.171010 -0.866025 0.725490 0.603922 0.364706
-0.604023 0.219846 -0.766044 0.878431 0.494118 0.360784
-0.719846 0.262003 -0.642788 1.000000 0.294118 0.376471
-0.813798 0.296198 -0.500000 1.000000 0.137255 0.364706
-0.883022 0.321394 -0.342020 1.000000 0.050980 0.352941
-0.925417 0.336824 -0.173648 0.949020 0.058824 0.368627
-0.939693 0.342020 0.000000 0.670588 0.137255 0.423529
-0.925417 0.336824 0.173648 0.407843 0.243137 0.458824
-0.883022 0.321394 0.342020 0.274510 0.317647 0.411765
-0.813798 0.296198 0.500000 0.243137 0.333333 0.384314
-0.719846 0.262003 0.642788 0.223529 0.317647 0.313725
-0.604023 0.219846 0.766044 0.254902 0.278431 0.239216
-0.469846 0.171010 0.866025 0.274510 0.258824 0.188235
-0.321394 0.116978 0.939693 0.278431 0.294118 0.141176
-0.163176 0.059391 0.984808 0.266667 0.392157 0.094118
-0.000000 0.000000 1.000000 0.298039 0.517647 0.082353
19
-0.000000 0.000000 -1.000000 0.298039 0.517647 0.082353
-0.171010 0.030154 -0.984808 0.364706 0.635294 0.121569
-0.336824 0.059391 -0.939693 0.521569 0.670588 0.219608
-0.492404 0.086824 -0.866025 0.690196 0.619608 0.349020
-0.633022 0.111619 -0.766044 0.772549 0.529412 0.384314
-0.754407 0.133022 -0.642788 1.000000 0.349020 0.376471
-0.852869 0.150384 -0.500000 1.000000 0.207843 0.384314
-0.925417 0.163176 -0.342020 0.988235 0.137255 0.403922
-0.969846 0.171010 -0.173648 0.780392 0.145098 0.458824
-0.984808 0.173648 0.000000 0.509804 0.207843 0.537255
-0.969846 0.171010 0.173648 0.278431 0.282353 0.564706
-0.925417 0.163176 0.342020 0.219608 0.298039 0.501961
-0.852869 0.150384 0.500000 0.219608 0.278431 0.427451
-0.754407 0.133022 0.642788 0.250980 0.227451 0.341176
-0.633022 0.111619 0.766044 0.321569 0.176471 0.227451
-0.492404 0.086824 0.866025 0.305882 0.184314 0.149020
-0.336824 0.059391 0.939693 0.294118 0.247059 0.137255
-0.171010 0.030154 0.984808 0.301961 0.364706 0.090196
-0.000000 0.000000 1.000000 0.298039 0.517647 0.082353
19
-0.000000 0.000000 -1.000000 0.298039 0.517647 0.082353
-0.173648 0.000000 -0.984808 0.325490 0.650980 0.129412
-0.342020 0.000000 -0.939693 0.439216 0.694118 0.219608
-0.500000 0.000000 -0.866025 0.615686 0.643137 0.313725
-0.642788 0.000000 -0.766044 0.674510 0.560784 0.403922
-0.766044 0.000000 -0.642788 0.780392 0.435294 0.360784
-0.866025 0.000000 -0.500000 0.854902 0.313725 0.388235
-0.939693 0.000000 -0.342020 0.780392 0.258824 0.450980
-0.984808 0.000000 -0.173648 0.588235 0.266667 0.552941
-1.000000 0.000000 0.000000 0.349020 0.313725 0.654902
-0.984808 0.000000 0.173648 0.219608 0.333333 0.670588
-0.939693 0.000000 0.342020 0.184314 0.305882 0.635294
-0.866025 0.000000 0.500000 0.184314 0.247059 0.560784
-0.766044 0.000000 0.642788 0.313725 0.149020 0.403922
-0.642788 0.000000 0.766044 0.411765 0.090196 0.231373
-0.500000 0.000000 0.866025 0.400000 0.105882 0.133333
-0.342020 0.000000 0.939693 0.305882 0.211765 0.125490
-0.173648 0.000000 0.984808 0.337255 0.341176 0.086275
-0.000000 0.000000 1.000000 0.298039 0.517647 0.082353
19
-0.000000 -0.000000 -1.000000 0.298039 0.517647 0.082353
-0.171010 -0.030154 -0.984808 0.286275 0.662745 0.137255
-0.336824 -0.059391 -0.939693 0.352941 0.717647 0.223529
-0.492404 -0.086824 -0.866025 0.470588 0.690196 0.294118
-0.633022 -0.111619 -0.766044 0.607843 0.596078 0.345098
-0.754407 -0.133022 -0.642788 0.603922 0.517647 0.392157
-0.852869 -0.150384 -0.500000 0.600000 0.450980 0.384314
-0.925417 -0.163176 -0.342020 0.576471 0.400000 0.474510
-0.969846 -0.171010 -0.173648 0.407843 0.411765 0.611765
-0.984808 -0.173648 0.000000 0.298039 0.415686 0.705882
-0.969846 -0.171010 0.173648 0.219608 0.388235 0.776471
-0.925417 -0.163176 0.342020 0.172549 0.329412 0.776471
-0.852869 -0.150384 0.500000 0.211765 0.227451 0.690196
-0.754407 -0.133022 0.642788 0.388235 0.098039 0.458824
-0.633022 -0.111619 0.766044 0.498039 0.027451 0.235294
-0.492404 -0.086824 0.866025 0.474510 0.054902 0.125490
-0.336824 -0.059391 0.939693 0.329412 0.188235 0.101961
-0.171010 -0.030154 0.984808 0.356863 0.329412 0.082353
-0.000000 -0.000000 1.000000 0.298039 0.517647 0.082353
19
-0.000000 -0.000000 -1.000000 0.298039 0.517647 0.082353
-0.163176 -0.059391 -0.984808 0.247059 0.670588 0.145098
-0.321394 -0.116978 -0.939693 0.262745 0.741176 0.231373
-0.469846 -0.171010 -0.866025 0.329412 0.737255 0.294118
-0.604023 -0.219846 -0.766044 0.415686 0.678431 0.317647
-0.719846 -0.262003 -0.642788 0.482353 0.607843 0.333333
-0.813798 -0.296198 -0.500000 0.482353 0.564706 0.376471
-0.883022 -0.321394 -0.342020 0.419608 0.549020 0.490196
-0.925417 -0.336824 -0.173648 0.392157 0.525490 0.639216
-0.939693 -0.342020 0.000000 0.317647 0.505882 0.772549
-0.925417 -0.336824 0.173648 0.243137 0.454902 0.870588
-0.883022 -0.321394 0.342020 0.184314 0.364706 0.886275
-0.813798 -0.296198 0.500000 0.247059 0.227451 0.788235
-0.719846 -0.262003 0.642788 0.450980 0.074510 0.509804
-0.604023 -0.219846 0.766044 0.568627 0.000000 0.247059
-0.469846 -0.171010 0.866025 0.533333 0.027451 0.125490
-0.321394 -0.116978 0.939693 0.356863 0.176471 0.090196
-0.163176 -0.059391 0.984808 0.368627 0.325490 0.082353
-0.000000 -0.000000 1.000000 0.298039 0.517647 0.082353
19
-0.000000 -0.000000 -1.000000 0.298039 0.517647 0.082353
-0.150384 -0.086824 -0.984808 0.211765 0.674510 0.152941
-0.296198 -0.171010 -0.939693 0.180392 0.760784 0.254902
-0.433013 -0.250000 -0.866025 0.203922 0.776471 0.325490
-0.556670 -0.321394 -0.766044 0.262745 0.752941 0.341176
-0.663414 -0.383022 -0.642788 0.317647 0.721569 0.349020
-0.750000 -0.433013 -0.500000 0.341176 0.698039 0.392157
-0.813798 -0.469846 -0.342020 0.321569 0.686275 0.517647
-0.852869 -0.492404 -0.173648 0.317647 0.654902 0.737255
-0.866025 -0.500000 0.000000 0.345098 0.596078 0.847059
-0.852869 -0.492404 0.173648 0.286275 0.517647 0.921569
-0.813798 -0.469846 0.342020 0.219608 0.403922 0.941176
-0.750000 -0.433013 0.500000 0.282353 0.243137 0.839216
-0.663414 -0.383022 0.642788 0.486275 0.078431 0.541176
-0.556670 -0.321394 0.766044 0.603922 0.000000 0.262745
-0.433013 -0.250000 0.866025 0.564706 0.031373 0.129412
-0.296198 -0.171010 0.939693 0.376471 0.180392 0.090196
-0.150384 -0.086824 0.984808 0.380392 0.329412 0.082353
-0.000000 -0.000000 1.000000 0.298039 0.517647 0.082353
19
-0.000000 -0.000000 -1.000000 0.298039 0.517647 0.082353
-0.133022 -0.111619 -0.984808 0.180392 0.674510 0.164706
-0.262003 -0.219846 -0.939693 0.113725 0.772549 0.294118
-0.383022 -0.321394 -0.866025 0.105882 0.815686 0.396078
-0.492404 -0.413176 -0.766044 0.145098 0.819608 0.435294
-0.586824 -0.492404 -0.642788 0.211765 0.815686 0.450980
-0.663414 -0.556670 -0.500000 0.266667 0.807843 0.490196
-0.719846 -0.604023 -0.342020 0.294118 0.796078 0.596078
-0.754407 -0.633022 -0.173648 0.309804 0.760784 0.780392
-0.766044 -0.642788 0.000000 0.384314 0.670588 0.894118
-0.754407 -0.633022 0.173648 0.349020 0.572549 0.917647
-0.719846 -0.604023 0.342020 0.274510 0.443137 0.925490
-0.663414 -0.556670 0.500000 0.317647 0.274510 0.827451
-0.586824 -0.492404 0.642788 0.498039 0.109804 0.549020
-0.492404 -0.413176 0.766044 0.611765 0.027451 0.278431
-0.383022 -0.321394 0.866025 0.572549 0.058824 0.133333
-0.262003 -0.219846 0.939693 0.392157 0.200000 0.098039
-0.133022 -0.111619 0.984808 0.392157 0.337255 0.082353
-0.000000 -0.000000 1.000000 0.298039 0.517647 0.082353
19
-0.000000 -0.000000 -1.000000 0.298039 0.517647 0.082353
-0.111619 -0.133022 -0.984808 0.152941 0.674510 0.176471
-0.219846 -0.262003 -0.939693 0.054902 0.780392 0.345098
-0.321394 -0.383022 -0.866025 0.031373 0.839216 0.501961
-0.413176 -0.492404 -0.766044 0.074510 0.870588 0.596078
-0.492404 -0.586824 -0.642788 0.164706 0.886275 0.635294
-0.556670 -0.663414 -0.500000 0.258824 0.886275 0.662745
-0.604023 -0.719846 -0.342020 0.329412 0.874510 0.725490
-0.633022 -0.754407 -0.173648 0.372549 0.823529 0.827451
-0.642788 -0.766044 0.000000 0.447059 0.721569 0.901961
-0.633022 -0.754407 0.173648 0.415686 0.603922 0.862745
-0.604023 -0.719846 0.342020 0.337255 0.470588 0.835294
-0.556670 -0.663414 0.500000 0.352941 0.305882 0.745098
-0.492404 -0.586824 0.642788 0.498039 0.156863 0.509804
-0.413176 -0.492404 0.766044 0.596078 0.078431 0.274510
-0.321394 -0.383022 0.866025 0.556863 0.109804 0.137255
-0.219846 -0.262003 0.939693 0.407843 0.231373 0.109804
-0.111619 -0.133022 0.984808 0.407843 0.352941 0.082353
-0.000000 -0.000000 1.000000 0.298039 0.517647 0.082353
19
-0.000000 -0.000000 -1.000000 0.298039 0.517647 0.082353
-0.086824 -0.150384 -0.984808 0.129412 0.666667 0.184314
-0.171010 -0.296198 -0.939693 0.015686 0.776471 0.400000
-0.250000 -0.433013 -0.866025 0.000000 0.854902 0.631373
-0.321394 -0.556670 -0.766044 0.047059 0.901961 0.792157
-0.383022 -0.663414 -0.642788 0.172549 0.925490 0.862745
-0.433013 -0.750000 -0.500000 0.313725 0.933333 0.874510
-0.469846 -0.813798 -0.342020 0.419608 0.909804 0.866667
-0.492404 -0.852869 -0.173648 0.482353 0.847059 0.866667
-0.500000 -0.866025 0.000000 0.521569 0.737255 0.858824
-0.492404 -0.852869 0.173648 0.486275 0.615686 0.768627
-0.469846 -0.813798 0.342020 0.403922 0.482353 0.701961
-0.433013 -0.750000 0.500000 0.403922 0.337255 0.607843
-0.383022 -0.663414 0.642788 0.501961 0.207843 0.423529
-0.321394 -0.556670 0.766044 0.564706 0.152941 0.239216
-0.250000 -0.433013 0.866025 0.501961 0.188235 0.129412
-0.171010 -0.296198 0.939693 0.427451 0.274510 0.117647
-0.086824 -0.150384 0.984808 0.423529 0.372549 0.078431
-0.000000 -0.000000 1.000000 0.298039 0.517647 0.082353
19
-0.000000 -0.000000 -1.000000 0.298039 0.517647 0.082353
-0.059391 -0.163176 -0.984808 0.117647 0.650980 0.192157
-0.116978 -0.321394 -0.939693 0.000000 0.764706 0.447059
-0.171010 -0.469846 -0.866025 0.000000 0.854902 0.749020
-0.219846 -0.604023 -0.766044 0.062745 0.909804 0.968627
-0.262003 -0.719846 -0.642788 0.239216 0.937255 1.000000
-0.296198 -0.813798 -0.500000 0.427451 0.933333 1.000000
-0.321394 -0.883022 -0.342020 0.560784 0.898039 0.980392
-0.336824 -0.925417 -0.173648 0.619608 0.827451 0.882353
-0.342020 -0.939693 0.000000 0.611765 0.721569 0.772549
-0.336824 -0.925417 0.173648 0.552941 0.600000 0.647059
-0.321394 -0.883022 0.342020 0.462745 0.474510 0.549020
-0.296198 -0.813798 0.500000 0.470588 0.352941 0.439216
-0.262003 -0.719846 0.642788 0.501961 0.266667 0.301961
-0.219846 -0.604023 0.766044 0.501961 0.243137 0.188235
-0.171010 -0.469846 0.866025 0.462745 0.270588 0.145098
-0.116978 -0.321394 0.939693 0.450980 0.317647 0.121569
-0.059391 -0.163176 0.984808 0.443137 0.396078 0.078431
-0.000000 -0.000000 1.000000 0.298039 0.517647 0.082353
19
-0.000000 -0.000000 -1.000000 0.298039 0.517647 0.082353
-0.030154 -0.171010 -0.984808 0.109804 0.635294 0.196078
-0.059391 -0.336824 -0.939693 0.000000 0.745098 0.478431
-0.086824 -0.492404 -0.866025 0.000000 0.835294 0.823529
-0.111619 -0.633022 -0.766044 0.101961 0.898039 1.000000
-0.133022 -0.754407 -0.642788 0.337255 0.921569 1.000000
-0.150384 -0.852869 -0.500000 0.568627 0.905882 1.000000
-0.163176 -0.925417 -0.342020 0.701961 0.862745 0.992157
-0.171010 -0.969846 -0.173648 0.733333 0.780392 0.835294
-0.173648 -0.984808 0.000000 0.705882 0.666667 0.678431
-0.171010 -0.969846 0.173648 0.611765 0.556863 0.517647
-0.163176 -0.925417 0.342020 0.525490 0.450980 0.396078
-0.150384 -0.852869 0.500000 0.474510 0.376471 0.301961
-0.133022 -0.754407 0.642788 0.462745 0.333333 0.231373
-0.111619 -0.633022 0.766044 0.474510 0.321569 0.188235
-0.086824 -0.492404 0.866025 0.490196 0.333333 0.152941
-0.059391 -0.336824 0.939693 0.486275 0.368627 0.117647
-0.030154 -0.171010 0.984808 0.458824 0.419608 0.078431
-0.000000 -0.000000 1.000000 0.298039 0.517647 0.082353
19
-0.000000 -0.000000 -1.000000 0.298039 0.517647 0.082353
-0.000000 -0.173648 -0.984808 0.109804 0.615686 0.192157
-0.000000 -0.342020 -0.939693 0.000000 0.717647 0.482353
-0.000000 -0.500000 -0.866025 0.000000 0.807843 0.843137
-0.000000 -0.642788 -0.766044 0.145098 0.866667 1.000000
-0.000000 -0.766044 -0.642788 0.411765 0.886275 1.000000
-0.000000 -0.866025 -0.500000 0.623529 0.878431 1.000000
-0.000000 -0.939693 -0.342020 0.737255 0.819608 0.960784
-0.000000 -0.984808 -0.173648 0.811765 0.705882 0.807843
-0.000000 -1.000000 0.000000 0.803922 0.580392 0.580392
-0.000000 -0.984808 0.173648 0.678431 0.486275 0.396078
-0.000000 -0.939693 0.342020 0.576471 0.411765 0.294118
-0.000000 -0.866025 0.500000 0.521569 0.372549 0.227451
-0.000000 -0.766044 0.642788 0.513725 0.364706 0.196078
-0.000000 -0.642788 0.766044 0.525490 0.376471 0.176471
-0.000000 -0.500000 0.866025 0.537255 0.396078 0.152941
-0.000000 -0.342020 0.939693 0.521569 0.419608 0.117647
-0.000000 -0.173648 0.984808 0.478431 0.443137 0.078431
-0.000000 -0.000000 1.000000 0.298039 0.517647 0.082353
19
0.000000 -0.000000 -1.000000 0.298039 0.517647 0.082353
0.030154 -0.171010 -0.984808 0.117647 0.588235 0.184314
0.059391 -0.336824 -0.939693 0.000000 0.674510 0.458824
0.086824 -0.492404 -0.866025 0.007843 0.764706 0.800000
0.111619 -0.633022 -0.766044 0.168627 0.827451 1.000000
0.133022 -0.754407 -0.642788 0.427451 0.843137 1.000000
0.150384 -0.852869 -0.500000 0.623529 0.823529 1.000000
0.163176 -0.925417 -0.342020 0.717647 0.752941 0.917647
0.171010 -0.969846 -0.173648 0.874510 0.603922 0.721569
0.173648 -0.984808 0.000000 0.886275 0.474510 0.486275
0.171010 -0.969846 0.173648 0.792157 0.384314 0.309804
0.163176 -0.925417 0.342020 0.654902 0.352941 0.211765
0.150384 -0.852869 0.500000 0.596078 0.349020 0.188235
0.133022 -0.754407 0.642788 0.584314 0.380392 0.188235
0.111619 -0.633022 0.766044 0.592157 0.419608 0.184314
0.086824 -0.492404 0.866025 0.592157 0.450980 0.164706
0.059391 -0.336824 0.939693 0.556863 0.462745 0.125490
0.030154 -0.171010 0.984808 0.494118 0.470588 0.078431
0.000000 -0.000000 1.000000 0.298039 0.517647 0.082353
19
0.000000 -0.000000 -1.000000 0.298039 0.517647 0.082353
0.059391 -0.163176 -0.984808 0.129412 0.560784 0.172549
0.116978 -0.321394 -0.939693 0.027451 0.627451 0.407843
0.171010 -0.469846 -0.866025 0.031373 0.705882 0.705882
0.219846 -0.604023 -0.766044 0.164706 0.768627 0.925490
0.262003 -0.719846 -0.642788 0.392157 0.784314 1.000000
0.296198 -0.813798 -0.500000 0.588235 0.752941 0.901961
0.321394 -0.883022 -0.342020 0.705882 0.662745 0.811765
0.336824 -0.925417 -0.173648 0.882353 0.501961 0.611765
0.342020 -0.939693 0.000000 0.941176 0.360784 0.411765
0.336824 -0.925417 0.173648 0.917647 0.270588 0.266667
0.321394 -0.883022 0.342020 0.843137 0.250980 0.188235
0.296198 -0.813798 0.500000 0.737255 0.305882 0.164706
0.262003 -0.719846 0.642788 0.682353 0.380392 0.200000
0.219846 -0.604023 0.766044 0.662745 0.450980 0.223529
0.171010 -0.469846 0.866025 0.643137 0.494118 0.200000
0.116978 -0.321394 0.939693 0.592157 0.505882 0.141176
0.059391 -0.163176 0.984808 0.490196 0.498039 0.082353
0.000000 -0.000000 1.000000 0.298039 0.517647 0.082353
19
0.000000 -0.000000 -1.000000 0.298039 0.517647 0.082353
0.086824 -0.150384 -0.984808 0.149020 0.529412 0.156863
0.171010 -0.296198 -0.939693 0.062745 0.568627 0.345098
0.250000 -0.433013 -0.866025 0.062745 0.635294 0.576471
0.321394 -0.556670 -0.766044 0.152941 0.698039 0.749020
0.383022 -0.663414 -0.642788 0.313725 0.721569 0.815686
0.433013 -0.750000 -0.500000 0.513725 0.674510 0.768627
0.469846 -0.813798 -0.342020 0.650980 0.572549 0.666667
0.492404 -0.852869 -0.173648 0.835294 0.407843 0.505882
0.500000 -0.866025 0.000000 0.960784 0.254902 0.352941
0.492404 -0.852869 0.173648 1.000000 0.160784 0.247059
0.469846 -0.813798 0.342020 1.000000 0.149020 0.203922
0.433013 -0.750000 0.500000 0.976471 0.223529 0.200000
0.383022 -0.663414 0.642788 0.839216 0.356863 0.211765
0.321394 -0.556670 0.766044 0.741176 0.470588 0.266667
0.250000 -0.433013 0.866025 0.690196 0.533333 0.243137
0.171010 -0.296198 0.939693 0.619608 0.541176 0.160784
0.086824 -0.150384 0.984808 0.482353 0.529412 0.090196
0.000000 -0.000000 1.000000 0.298039 0.517647 0.082353
19
0.000000 -0.000000 -1.000000 0.298039 0.517647 0.082353
0.111619 -0.133022 -0.984808 0.172549 0.494118 0.137255
0.219846 -0.262003 -0.939693 0.105882 0.505882 0.274510
0.321394 -0.383022 -0.866025 0.098039 0.552941 0.435294
0.413176 -0.492404 -0.766044 0.149020 0.607843 0.556863
0.492404 -0.586824 -0.642788 0.247059 0.635294 0.607843
0.556670 -0.663414 -0.500000 0.388235 0.596078 0.592157
0.604023 -0.719846 -0.342020 0.556863 0.490196 0.525490
0.633022 -0.754407 -0.173648 0.752941 0.329412 0.423529
0.642788 -0.766044 0.000000 0.945098 0.172549 0.317647
0.633022 -0.754407 0.173648 1.000000 0.070588 0.247059
0.604023 -0.719846 0.342020 1.000000 0.066667 0.231373
0.556670 -0.663414 0.500000 1.000000 0.152941 0.247059
0.492404 -0.586824 0.642788 1.000000 0.309804 0.266667
0.413176 -0.492404 0.766044 0.823529 0.478431 0.294118
0.321394 -0.383022 0.866025 0.725490 0.556863 0.290196
0.219846 -0.262003 0.939693 0.639216 0.572549 0.180392
0.111619 -0.133022 0.984808 0.470588 0.552941 0.094118
0.000000 -0.000000 1.000000 0.298039 0.517647 0.082353
19
0.000000 -0.000000 -1.000000 0.298039 0.517647 0.082353
0.133022 -0.111619 -0.984808 0.200000 0.458824 0.121569
0.262003 -0.219846 -0.939693 0.152941 0.435294 0.211765
0.383022 -0.321394 -0.866025 0.145098 0.458824 0.313725
0.492404 -0.413176 -0.766044 0.164706 0.505882 0.392157
0.586824 -0.492404 -0.642788 0.211765 0.533333 0.431373
0.663414 -0.556670 -0.500000 0.301961 0.509804 0.439216
0.719846 -0.604023 -0.342020 0.447059 0.415686 0.423529
0.754407 -0.633022 -0.173648 0.650980 0.270588 0.380392
0.766044 -0.642788 0.000000 0.890196 0.121569 0.313725
0.754407 -0.633022 0.173648 1.000000 0.023529 0.266667
0.719846 -0.604023 0.342020 1.000000 0.015686 0.262745
0.663414 -0.556670 0.500000 1.000000 0.109804 0.294118
0.586824 -0.492404 0.642788 1.000000 0.278431 0.321569
0.492404 -0.413176 0.766044 0.894118 0.478431 0.313725
0.383022 -0.321394 0.866025 0.745098 0.576471 0.329412
0.262003 -0.219846 0.939693 0.650980 0.596078 0.200000
0.133022 -0.111619 0.984808 0.454902 0.576471 0.101961
0.000000 -0.000000 1.000000 0.298039 0.517647 0.082353
19
0.000000 -0.000000 -1.000000 0.298039 0.517647 0.082353
0.150384 -0.086824 -0.984808 0.231373 0.423529 0.105882
0.296198 -0.171010 -0.939693 0.211765 0.364706 0.164706
0.433013 -0.250000 -0.866025 0.203922 0.360784 0.227451
0.556670 -0.321394 -0.766044 0.200000 0.392157 0.282353
0.663414 -0.383022 -0.642788 0.203922 0.427451 0.329412
0.750000 -0.433013 -0.500000 0.243137 0.423529 0.368627
0.813798 -0.469846 -0.342020 0.349020 0.356863 0.384314
0.852869 -0.492404 -0.173648 0.537255 0.239216 0.388235
0.866025 -0.500000 0.000000 0.800000 0.105882 0.345098
0.852869 -0.492404 0.173648 1.000000 0.015686 0.301961
0.813798 -0.469846 0.342020 1.000000 0.011765 0.305882
0.750000 -0.433013 0.500000 1.000000 0.101961 0.337255
0.663414 -0.383022 0.642788 1.000000 0.274510 0.356863
0.556670 -0.321394 0.766044 0.929412 0.478431 0.345098
0.433013 -0.250000 0.866025 0.745098 0.592157 0.356863
0.296198 -0.171010 0.939693 0.647059 0.615686 0.207843
0.150384 -0.086824 0.984808 0.427451 0.600000 0.109804
0.000000 -0.000000 1.000000 0.298039 0.517647 0.082353
19
0.000000 -0.000000 -1.000000 0.298039 0.517647 0.082353
0.163176 -0.059391 -0.984808 0.266667 0.392157 0.094118
0.321394 -0.116978 -0.939693 0.278431 0.294118 0.141176
0.469846 -0.171010 -0.866025 0.274510 0.258824 0.188235
0.604023 -0.219846 -0.766044 0.254902 0.278431 0.239216
0.719846 -0.262003 -0.642788 0.223529 0.317647 0.313725
0.813798 -0.296198 -0.500000 0.243137 0.333333 0.384314
0.883022 -0.321394 -0.342020 0.274510 0.317647 0.411765
0.925417 -0.336824 -0.173648 0.407843 0.243137 0.458824
0.939693 -0.342020 0.000000 0.670588 0.137255 0.423529
0.925417 -0.336824 0.173648 0.949020 0.058824 0.368627
0.883022 -0.321394 0.342020 1.000000 0.050980 0.352941
0.813798 -0.296198 0.500000 1.000000 0.137255 0.364706
0.719846 -0.262003 0.642788 1.000000 0.294118 0.376471
0.604023 -0.219846 0.766044 0.878431 0.494118 0.360784
0.469846 -0.171010 0.866025 0.725490 0.603922 0.364706
0.321394 -0.116978 0.939693 0.592157 0.643137 0.215686
0.163176 -0.059391 0.984808 0.400000 0.619608 0.117647
0.000000 -0.000000 1.000000 0.298039 0.517647 0.082353
19
0.000000 -0.000000 -1.000000 0.298039 0.517647 0.082353
0.171010 -0.030154 -0.984808 0.301961 0.364706 0.090196
0.336824 -0.059391 -0.939693 0.294118 0.247059 0.137255
0.492404 -0.086824 -0.866025 0.305882 0.184314 0.149020
0.633022 -0.111619 -0.766044 0.321569 0.176471 0.227451
0.754407 -0.133022 -0.642788 0.250980 0.227451 0.341176
0.852869 -0.150384 -0.500000 0.219608 0.278431 0.427451
0.925417 -0.163176 -0.342020 0.219608 0.298039 0.501961
0.969846 -0.171010 -0.173648 0.278431 0.282353 0.564706
0.984808 -0.173648 0.000000 0.509804 0.207843 0.537255
0.969846 -0.171010 0.173648 0.780392 0.145098 0.458824
0.925417 -0.163176 0.342020 0.988235 0.137255 0.403922
0.852869 -0.150384 0.500000 1.000000 0.207843 0.384314
0.754407 -0.133022 0.642788 1.000000 0.349020 0.376471
0.633022 -0.111619 0.766044 0.772549 0.529412 0.384314
0.492404 -0.086824 0.866025 0.690196 0.619608 0.349020
0.336824 -0.059391 0.939693 0.521569 0.670588 0.219608
0.171010 -0.030154 0.984808 0.364706 0.635294 0.121569
0.000000 -0.000000 1.000000 0.298039 0.517647 0.082353
