-0.448074 -0.000000 -0.893997 0.705245 0.628136 0.253648 
-0.110387 -0.000000 0.993889 0.446728 0.371497 0.061033 
0.633319 0.000000 -0.773891 0.246644 0.120369 0.383470 
-0.952413 -0.000000 0.304811 0.097278 0.342652 0.638692 
0.964966 0.000000 0.262375 0.458949 0.306362 0.704570 
-0.666938 -0.000000 -0.745113 0.769934 0.509226 0.463556 
0.154251 0.000000 0.988032 0.556740 0.573323 0.073726 
0.408082 0.000000 -0.912945 0.345826 0.151766 0.205863 
-0.839072 -0.000000 0.544021 0.126638 0.242862 0.551619 
1.000000 0.000000 0.000000 0.231717 0.343834 0.695030 
-0.839072 -0.000000 -0.544021 0.699457 0.362688 0.627104 
0.408082 0.000000 0.912945 0.685930 0.635303 0.220436 
0.154251 0.000000 -0.988032 0.431451 0.333614 0.072875 
-0.666938 -0.000000 0.745113 0.228292 0.130625 0.411636 
0.964966 0.000000 -0.262375 0.104649 0.350665 0.649196 
-0.952413 -0.000000 -0.304811 0.499080 0.305313 0.700545 
0.633319 0.000000 0.773891 0.767216 0.535040 0.429644 
-0.110387 -0.000000 -0.993889 0.536110 0.546511 0.061347 
-0.448074 -0.000000 0.893997 0.330835 0.134652 0.234758 
0.375966 0.243762 -0.893997 0.399124 0.089418 0.323427 
0.092623 0.060053 0.993889 0.476322 0.558458 0.059873 
-0.531400 -0.344539 -0.773891 0.486140 0.712805 0.212906 
0.799143 0.518133 0.304811 0.465947 0.686484 0.410214 
-0.809676 -0.524962 0.262375 0.124723 0.523763 0.909120 
0.559609 0.362828 -0.745113 0.237500 0.083046 0.655342 
-0.129428 -0.083916 0.988032 0.490721 0.318784 0.076873 
-0.342410 -0.222005 -0.912945 0.453696 0.708946 0.152033 
0.704041 0.456473 0.544021 0.524932 0.683002 0.272781 
-0.839072 -0.544021 0.000000 0.277923 0.659537 0.695030 
0.704041 0.456473 -0.544021 0.106829 0.257599 0.905943 
-0.342410 -0.222005 0.912945 0.420661 0.110342 0.274266 
-0.129428 -0.083916 -0.988032 0.470754 0.590972 0.069728 
0.559609 0.362828 0.745113 0.494400 0.707898 0.219850 
-0.809676 -0.524962 -0.262375 0.445126 0.687523 0.444647 
0.799143 0.518133 -0.304811 0.109320 0.489941 0.929023 
-0.531400 -0.344539 0.773891 0.265742 0.069636 0.600208 
0.092623 0.060053 -0.993889 0.492656 0.360919 0.062507 
0.375966 0.243762 0.893997 0.455752 0.715824 0.164979 
-0.182851 -0.409067 -0.893997 0.269388 0.776459 0.259198 
-0.045047 -0.100778 0.993889 0.540659 0.388325 0.060941 
0.258446 0.578186 -0.773891 0.453514 0.209658 0.369902 
-0.388663 -0.869501 0.304811 0.416502 0.522904 0.620518 
0.393785 0.880961 0.262375 0.620695 0.875738 0.720841 
-0.272165 -0.608878 -0.745113 0.322558 0.888231 0.478812 
0.062947 0.140823 0.988032 0.397124 0.576708 0.073977 
0.166531 0.372557 -0.912945 0.561523 0.230690 0.201581 
-0.342410 -0.766026 0.544021 0.358612 0.334428 0.529438 
0.408082 0.912945 0.000000 0.573372 0.744847 0.695030 
-0.342410 -0.766026 -0.544021 0.487431 0.928489 0.649285 
0.166531 0.372557 0.912945 0.276855 0.751696 0.224718 
0.062947 0.140823 -0.988032 0.555922 0.359647 0.072624 
-0.272165 -0.608878 0.745113 0.433084 0.218241 0.396380 
0.393785 0.880961 -0.262375 0.437314 0.556624 0.632925 
-0.388663 -0.869501 -0.304811 0.613170 0.890069 0.718719 
0.258446 0.578186 0.773891 0.302801 0.874315 0.443212 
-0.045047 -0.100778 -0.993889 0.423866 0.544811 0.061440 
-0.182851 -0.409067 0.893997 0.548768 0.218745 0.229207 
-0.069116 0.442711 -0.893997 0.747429 0.399135 0.169605 
-0.017027 0.109066 0.993889 0.397544 0.504032 0.062430 
0.097690 -0.625739 -0.773891 0.274298 0.837631 0.588900 
-0.146911 0.941014 0.304811 0.697520 0.748594 0.913876 
0.148847 -0.953417 0.262375 0.731419 0.343389 0.458208 
-0.102876 0.658956 -0.745113 0.741862 0.356706 0.232565 
0.023794 -0.152405 0.988032 0.609700 0.431587 0.069937 
0.062947 -0.403198 -0.912945 0.227833 0.679501 0.270697 
-0.129428 0.829029 0.544021 0.506669 0.881221 0.887456 
0.154251 -0.988032 0.000000 0.768301 0.498771 0.695030 
-0.129428 0.829029 -0.544021 0.708596 0.309706 0.291267 
0.062947 -0.403198 0.912945 0.738581 0.403782 0.155602 
0.023794 -0.152405 -0.988032 0.363183 0.523658 0.076664 
-0.102876 0.658956 0.745113 0.299482 0.856193 0.642627 
0.148847 -0.953417 -0.262375 0.718757 0.715149 0.895558 
-0.146911 0.941014 -0.304811 0.724110 0.328980 0.425361 
0.097690 -0.625739 0.773891 0.747614 0.365410 0.224214 
-0.017027 0.109066 -0.993889 0.577205 0.438965 0.059950 
-0.069116 0.442711 0.893997 0.221961 0.708654 0.318800 
0.298837 -0.333866 -0.893997 0.263556 0.485709 0.206193 
0.073621 -0.082251 0.993889 0.586125 0.492290 0.061822 
-0.422385 0.471894 -0.773891 0.938914 0.435444 0.499465 
0.635200 -0.709655 0.304811 0.764209 0.115140 0.794073 
-0.643573 0.719009 0.262375 0.538730 0.418556 0.565463 
0.444806 -0.496944 -0.745113 0.309466 0.576228 0.333128 
-0.102876 0.114935 0.988032 0.371305 0.440756 0.071587 
-0.272165 0.304067 -0.912945 0.839665 0.530421 0.242471 
0.559609 -0.625203 0.544021 0.885005 0.222417 0.741248 
-0.666938 0.745113 0.000000 0.631946 0.212623 0.695030 
0.559609 -0.625203 -0.544021 0.417324 0.587441 0.437475 
-0.272165 0.304067 0.912945 0.267225 0.472111 0.183827 
-0.102876 0.114935 -0.988032 0.626198 0.503308 0.075014 
0.444806 -0.496944 0.745113 0.941316 0.408007 0.542064 
-0.643573 0.719009 -0.262375 0.743360 0.113804 0.788303 
0.635200 -0.709655 -0.304811 0.522919 0.452146 0.545164 
-0.422385 0.471894 0.773891 0.295335 0.563243 0.313649 
0.073621 -0.082251 -0.993889 0.401421 0.444995 0.060558 
0.298837 -0.333866 0.893997 0.865986 0.524006 0.282212 
-0.432376 0.117563 -0.893997 0.797257 0.595437 0.307074 
-0.106520 0.028963 0.993889 0.428734 0.389165 0.060145 
0.611132 -0.166167 -0.773891 0.267627 0.227538 0.252876 
-0.919046 0.249889 0.304811 0.203533 0.316069 0.463756 
0.931159 -0.253183 0.262375 0.541736 0.168539 0.861185 
-0.643573 0.174988 -0.745113 0.876985 0.454184 0.610398 
0.148847 -0.040472 0.988032 0.589495 0.556545 0.076135 
0.393785 -0.107070 -0.912945 0.321809 0.231079 0.164648 
-0.809676 0.220151 0.544021 0.210629 0.305939 0.338124 
0.964966 -0.262375 0.000000 0.325729 0.225154 0.695030 
-0.809676 0.220151 -0.544021 0.793537 0.264892 0.840599 
0.393785 -0.107070 0.912945 0.771697 0.604651 0.261651 
0.148847 -0.040472 -0.988032 0.408264 0.359503 0.070466 
-0.643573 0.174988 0.745113 0.259031 0.236995 0.264794 
0.931159 -0.253183 -0.262375 0.211000 0.308197 0.492581 
-0.919046 0.249889 -0.304811 0.581862 0.170138 0.875481 
0.611132 -0.166167 0.773891 0.874328 0.485296 0.560237 
-0.106520 0.028963 -0.993889 0.559033 0.533599 0.062235 
-0.432376 0.117563 0.893997 0.311761 0.221649 0.181331 
0.426751 0.136578 -0.893997 0.359907 0.084486 0.301608 
0.105134 0.033647 0.993889 0.504553 0.555855 0.060236 
-0.603181 -0.193042 -0.773891 0.614421 0.622118 0.266238 
0.907090 0.290306 0.304811 0.452000 0.511216 0.481654 
-0.919046 -0.294132 0.262375 0.069195 0.443565 0.845161 
0.635200 0.203290 -0.745113 0.213872 0.073984 0.595374 
-0.146911 -0.047017 0.988032 0.462055 0.318125 0.075889 
-0.388663 -0.124388 -0.912945 0.562322 0.674470 0.168865 
0.799143 0.255758 0.544021 0.592138 0.526478 0.359968 
-0.952413 -0.304811 0.000000 0.212160 0.521531 0.695030 
0.799143 0.255758 -0.544021 0.081614 0.230337 0.818755 
-0.388663 -0.124388 0.912945 0.379785 0.105873 0.257434 
-0.146911 -0.047017 -0.988032 0.511293 0.586238 0.070712 
0.635200 0.203290 0.745113 0.619038 0.606678 0.279818 
-0.919046 -0.294132 -0.262375 0.419588 0.513951 0.508605 
0.907090 0.290306 -0.304811 0.058400 0.419103 0.857583 
-0.603181 -0.193042 0.773891 0.239869 0.061765 0.546876 
0.105134 0.033647 -0.993889 0.470597 0.360768 0.062145 
0.426751 0.136578 0.893997 0.572208 0.673457 0.186797 
-0.283774 -0.346760 -0.893997 0.339517 0.758446 0.199041 
-0.069910 -0.085428 0.993889 0.518974 0.371592 0.061941 
0.401093 0.490120 -0.773891 0.344975 0.131758 0.516948 
-0.603181 -0.737064 0.304811 0.252751 0.536679 0.817493 
0.611132 0.746778 0.262375 0.529990 0.831656 0.544496 
-0.422385 -0.516137 -0.745113 0.381132 0.820941 0.313469 
0.097690 0.119374 0.988032 0.427283 0.587866 0.071264 
0.258446 0.315811 -0.912945 0.487745 0.160662 0.247989 
-0.531400 -0.649350 0.544021 0.214210 0.304811 0.769830 
0.633319 0.773891 0.000000 0.425687 0.750891 0.695030 
-0.531400 -0.649350 -0.544021 0.488032 0.842825 0.408893 
0.258446 0.315811 0.912945 0.344179 0.741277 0.178310 
0.097690 0.119374 -0.988032 0.525886 0.334976 0.075337 
-0.422385 -0.516137 0.745113 0.319160 0.144193 0.561723 
0.611132 0.746778 -0.262375 0.272717 0.573880 0.809271 
-0.603181 -0.737064 -0.304811 0.534940 0.837189 0.521744 
0.401093 0.490120 0.773891 0.366827 0.814352 0.296165 
-0.069910 -0.085428 -0.993889 0.445658 0.554541 0.060440 
-0.283774 -0.346760 0.893997 0.468741 0.143855 0.289365 
0.049462 0.445335 -0.893997 0.656614 0.318432 0.172865 
0.012185 0.109713 0.993889 0.405836 0.525981 0.062376 
-0.069910 -0.629449 -0.773891 0.272646 0.887108 0.580932 
0.105134 0.946592 0.304811 0.684478 0.851975 0.903202 
-0.106520 -0.959069 0.262375 0.620763 0.464107 0.467763 
0.073621 0.662862 -0.745113 0.598163 0.302420 0.241524 
-0.017027 -0.153309 0.988032 0.587909 0.396668 0.070084 
-0.045047 -0.405588 -0.912945 0.234968 0.731164 0.268183 
0.092623 0.833944 0.544021 0.502450 0.943675 0.874430 
-0.110387 -0.993889 0.000000 0.713529 0.641710 0.695030 
0.092623 0.833944 -0.544021 0.553460 0.336951 0.304293 
-0.045047 -0.405588 0.912945 0.658428 0.325406 0.158116 
-0.017027 -0.153309 -0.988032 0.373202 0.552941 0.076517 
0.073621 0.662862 0.745113 0.296996 0.905407 0.633668 
-0.106520 -0.959069 -0.262375 0.702112 0.826306 0.886003 
0.105134 0.946592 -0.304811 0.604525 0.439789 0.436035 
-0.069910 -0.629449 0.773891 0.610528 0.301970 0.232182 
0.012185 0.109713 -0.993889 0.562827 0.414054 0.060004 
0.049462 0.445335 0.893997 0.227458 0.760832 0.315541 
0.200770 -0.400576 -0.893997 0.239422 0.603578 0.267357 
0.049462 -0.098686 0.993889 0.586305 0.468495 0.060805 
-0.283774 0.566185 -0.773891 0.877198 0.412902 0.349960 
0.426751 -0.851454 0.304811 0.784440 0.195004 0.593805 
-0.432376 0.862676 0.262375 0.656366 0.549240 0.744756 
0.298837 -0.596240 -0.745113 0.309724 0.728291 0.501235 
-0.069116 0.137900 0.988032 0.363032 0.481167 0.074345 
-0.182851 0.364824 -0.912945 0.810406 0.480436 0.195288 
0.375966 -0.750127 0.544021 0.837747 0.259095 0.496838 
-0.448074 0.893997 0.000000 0.734928 0.323240 0.695030 
0.375966 -0.750127 -0.544021 0.478322 0.739250 0.681885 
-0.182851 0.364824 0.912945 0.243345 0.580741 0.231011 
-0.069116 0.137900 -0.988032 0.624739 0.471809 0.072257 
0.298837 -0.596240 0.745113 0.877098 0.393142 0.373958 
-0.432376 0.862676 -0.262375 0.777126 0.199195 0.609010 
0.426751 -0.851454 -0.304811 0.636423 0.586201 0.745432 
-0.283774 0.566185 0.773891 0.288332 0.712253 0.463153 
0.049462 -0.098686 -0.993889 0.396168 0.473377 0.061575 
0.200770 -0.400576 0.893997 0.830385 0.475759 0.221049 
-0.386382 0.226889 -0.893997 0.854073 0.565167 0.322684 
-0.095189 0.055896 0.993889 0.413813 0.412867 0.059886 
0.546123 -0.320691 -0.773891 0.287143 0.373615 0.214722 
-0.821284 0.482269 0.304811 0.349413 0.345453 0.412646 
0.832108 -0.488626 0.262375 0.643803 0.097993 0.906942 
-0.575113 0.337715 -0.745113 0.940483 0.424393 0.653301 
0.133014 -0.078108 0.988032 0.613032 0.534763 0.076839 
0.351897 -0.206639 -0.912945 0.297502 0.336437 0.152606 
-0.723547 0.424877 0.544021 0.311290 0.417007 0.275749 
0.862319 -0.506366 0.000000 0.464551 0.172498 0.695030 
-0.723547 0.424877 -0.544021 0.863446 0.217962 0.902974 
0.351897 -0.206639 0.912945 0.825652 0.573869 0.273693 
0.133014 -0.078108 -0.988032 0.388557 0.394194 0.069762 
-0.575113 0.337715 0.745113 0.289515 0.383835 0.221891 
0.832108 -0.488626 -0.262375 0.359803 0.323221 0.446824 
-0.821284 0.482269 -0.304811 0.677758 0.101155 0.926591 
0.546123 -0.320691 0.773891 0.937463 0.456399 0.598392 
-0.095189 0.055896 -0.993889 0.575899 0.516602 0.062495 
-0.386382 0.226889 0.893997 0.291509 0.337267 0.165722 
0.447635 0.019824 -0.893997 0.334297 0.123855 0.245260 
0.110279 0.004884 0.993889 0.531839 0.548236 0.061173 
-0.632699 -0.028020 -0.773891 0.746465 0.545664 0.403971 
0.951480 0.042137 0.304811 0.488494 0.332656 0.666155 
-0.964021 -0.042693 0.262375 0.093150 0.362023 0.679984 
0.666285 0.029507 -0.745113 0.224266 0.117892 0.440503 
-0.154100 -0.006824 0.988032 0.435607 0.330367 0.073348 
-0.407682 -0.018055 -0.912945 0.669347 0.640657 0.212334 
0.838250 0.037123 0.544021 0.683198 0.383402 0.585135 
-0.999021 -0.044243 0.000000 0.222481 0.367937 0.695030 
0.838250 0.037123 -0.544021 0.116026 0.237273 0.593588 
-0.407682 -0.018055 0.912945 0.350097 0.141908 0.213965 
-0.154100 -0.006824 -0.988032 0.550600 0.575620 0.073253 
0.666285 0.029507 0.745113 0.749309 0.521103 0.434689 
-0.964021 -0.042693 -0.262375 0.448982 0.334104 0.673783 
0.951480 0.042137 -0.304811 0.085500 0.351427 0.673082 
-0.632699 -0.028020 0.773891 0.244001 0.107390 0.409142 
0.110279 0.004884 -0.993889 0.449972 0.369272 0.061208 
0.447635 0.019824 0.893997 0.687396 0.634124 0.243145 
-0.364813 -0.260157 -0.893997 0.437396 0.722693 0.166048 
-0.089875 -0.064092 0.993889 0.496412 0.361779 0.062489 
0.515636 0.367712 -0.773891 0.273704 0.075531 0.597594 
-0.775437 -0.552982 0.304811 0.124941 0.499849 0.925523 
0.785657 0.560270 0.262375 0.454259 0.713049 0.447781 
-0.543008 -0.387232 -0.745113 0.475622 0.725084 0.222788 
0.125589 0.089560 0.988032 0.464167 0.591129 0.069777 
0.332253 0.236937 -0.912945 0.428900 0.114817 0.273441 
-0.683156 -0.487174 0.544021 0.117220 0.264057 0.901670 
0.814181 0.580611 0.000000 0.295288 0.678190 0.695030 
-0.683156 -0.487174 -0.544021 0.516859 0.708327 0.277053 
0.332253 0.236937 0.912945 0.436497 0.714359 0.152858 
0.125589 0.089560 -0.988032 0.495667 0.320129 0.076825 
-0.543008 -0.387232 0.745113 0.245493 0.088995 0.652404 
0.785657 0.560270 -0.262375 0.141120 0.534672 0.905986 
-0.775437 -0.552982 -0.304811 0.472878 0.712647 0.413714 
0.515636 0.367712 0.773891 0.466590 0.728235 0.215519 
-0.089875 -0.064092 -0.993889 0.471711 0.558372 0.059891 
-0.364813 -0.260157 0.893997 0.407408 0.094289 0.322358 
0.164574 0.416756 -0.893997 0.563549 0.232656 0.219034 
0.040544 0.102672 0.993889 0.420766 0.542607 0.061609 
-0.232613 -0.589054 -0.773891 0.295739 0.880394 0.468078 
0.349813 0.885845 0.304811 0.625667 0.891086 0.752029 
-0.354424 -0.897521 0.262375 0.465326 0.547870 0.603104 
0.244961 0.620323 -0.745113 0.455171 0.230986 0.368420 
-0.056655 -0.143470 0.988032 0.560773 0.364504 0.072166 
-0.149885 -0.379560 -0.912945 0.268439 0.751164 0.232566 
0.308184 0.780425 0.544021 0.489143 0.936576 0.689936 
-0.367291 -0.930106 0.000000 0.596781 0.735968 0.695030 
0.308184 0.780425 -0.544021 0.385663 0.337156 0.488787 
-0.149885 -0.379560 0.912945 0.574940 0.243797 0.193733 
-0.056655 -0.143470 -0.988032 0.392919 0.574028 0.074435 
0.244961 0.620323 0.745113 0.316318 0.895222 0.506772 
-0.354424 -0.897521 -0.262375 0.634985 0.875130 0.750662 
0.349813 0.885845 -0.304811 0.444774 0.515209 0.587208 
-0.232613 -0.589054 0.773891 0.474513 0.223339 0.345036 
0.040544 0.102672 -0.993889 0.544087 0.391660 0.060772 
0.164574 0.416756 0.893997 0.260773 0.776939 0.269371 
0.088635 -0.439220 -0.893997 0.223203 0.696387 0.314593 
0.021836 -0.108206 0.993889 0.579059 0.443215 0.060020 
-0.125279 0.620805 -0.773891 0.768884 0.373957 0.234498 
0.188400 -0.933593 0.304811 0.738363 0.309038 0.439138 
-0.190883 0.945898 0.262375 0.715373 0.692637 0.883224 
0.131929 -0.653759 -0.745113 0.300959 0.842234 0.631063 
-0.030513 0.151203 0.988032 0.362434 0.518065 0.076474 
-0.080724 0.400018 -0.912945 0.750702 0.415882 0.158848 
0.165980 -0.822491 0.544021 0.731204 0.303164 0.308080 
-0.197814 0.980240 0.000000 0.770042 0.472872 0.695030 
0.165980 -0.822491 -0.544021 0.505219 0.864807 0.870643 
-0.080724 0.400018 0.912945 0.228753 0.667775 0.267451 
-0.030513 0.151203 -0.988032 0.612618 0.437454 0.070127 
0.131929 -0.653759 0.745113 0.764104 0.363640 0.244129 
-0.190883 0.945898 -0.262375 0.743800 0.321825 0.470542 
0.188400 -0.933593 -0.304811 0.693991 0.727015 0.900099 
-0.125279 0.620805 0.773891 0.275990 0.823886 0.578615 
0.021836 -0.108206 -0.993889 0.396812 0.499932 0.062360 
0.088635 -0.439220 0.893997 0.761292 0.411407 0.173813 
-0.313316 0.320317 -0.893997 0.867959 0.530687 0.291087 
-0.077188 0.078913 0.993889 0.402809 0.440255 0.060411 
0.442849 -0.452745 -0.773891 0.295341 0.536337 0.291955 
-0.665976 0.680858 0.304811 0.499878 0.432811 0.516104 
0.674753 -0.689831 0.262375 0.732246 0.105367 0.814319 
-0.466357 0.476778 -0.745113 0.946332 0.409925 0.566457 
0.107860 -0.110271 0.988032 0.625308 0.508178 0.075415 
0.285352 -0.291728 -0.912945 0.271565 0.452804 0.176981 
-0.586721 0.599832 0.544021 0.404060 0.561701 0.402011 
0.699251 -0.714876 0.000000 0.609958 0.200363 0.695030 
-0.586721 0.599832 -0.544021 0.886775 0.218605 0.776712 
0.285352 -0.291728 0.912945 0.840970 0.537459 0.249318 
0.107860 -0.110271 -0.988032 0.373319 0.433932 0.071187 
-0.466357 0.476778 0.745113 0.307962 0.548839 0.308735 
0.674753 -0.689831 -0.262375 0.514883 0.400382 0.539447 
-0.665976 0.680858 -0.304811 0.755233 0.107264 0.823133 
0.442849 -0.452745 0.773891 0.943713 0.438347 0.521158 
-0.077188 0.078913 -0.993889 0.585326 0.496022 0.061970 
-0.313316 0.320317 0.893997 0.267745 0.464642 0.197319 
0.437154 -0.098319 -0.893997 0.314893 0.204763 0.188276 
0.107697 -0.024222 0.993889 0.555583 0.536047 0.062120 
-0.617885 0.138966 -0.773891 0.859040 0.491965 0.543260 
0.929202 -0.208983 0.304811 0.566346 0.188590 0.852739 
-0.941449 0.211738 0.262375 0.189433 0.311680 0.512941 
0.650684 -0.146343 -0.745113 0.253516 0.215970 0.283883 
-0.150492 0.033847 0.988032 0.411909 0.354486 0.070779 
-0.398137 0.089544 -0.912945 0.759333 0.609649 0.256293 
0.818623 -0.184113 0.544021 0.778854 0.277773 0.812844 
-0.975629 0.219425 0.000000 0.306042 0.241049 0.695030 
0.818623 -0.184113 -0.544021 0.194774 0.291895 0.365879 
-0.398137 0.089544 0.912945 0.325739 0.215693 0.170006 
-0.150492 0.033847 -0.988032 0.584600 0.559694 0.075822 
0.650684 -0.146343 0.745113 0.861647 0.461447 0.591309 
-0.941449 0.211738 -0.262375 0.525773 0.187414 0.840825 
0.929202 -0.208983 -0.304811 0.182194 0.316929 0.486498 
-0.617885 0.138966 0.773891 0.263873 0.206477 0.269853 
0.107697 -0.024222 -0.993889 0.431542 0.385744 0.060261 
0.437154 -0.098319 0.893997 0.784050 0.600576 0.300129 
-0.420291 -0.155324 -0.893997 0.552414 0.680464 0.180065 
-0.103543 -0.038266 0.993889 0.474197 0.360188 0.062256 
0.594050 0.219540 -0.773891 0.241770 0.059530 0.563332 
-0.893358 -0.330153 0.304811 0.061516 0.431558 0.879626 
0.905133 0.334505 0.262375 0.420088 0.544427 0.488870 
-0.625584 -0.231194 -0.745113 0.597270 0.622880 0.261314 
0.144687 0.053471 0.988032 0.504507 0.587457 0.070409 
0.382779 0.141461 -0.912945 0.385676 0.103837 0.262628 
-0.787045 -0.290864 0.544021 0.081433 0.233011 0.845657 
0.937995 0.346649 0.000000 0.218081 0.546763 0.695030 
-0.787045 -0.290864 -0.544021 0.578888 0.552408 0.333066 
0.382779 0.141461 0.912945 0.543903 0.680296 0.163671 
0.144687 0.053471 -0.988032 0.466696 0.317335 0.076193 
-0.625584 -0.231194 0.745113 0.215109 0.072021 0.613878 
0.905133 0.334505 -0.262375 0.073025 0.457948 0.864896 
-0.893358 -0.330153 -0.304811 0.450821 0.541735 0.459611 
0.594050 0.219540 0.773891 0.592174 0.636610 0.249782 
-0.103543 -0.038266 -0.993889 0.499840 0.556650 0.060124 
-0.420291 -0.155324 0.893997 0.365316 0.082278 0.308340 
0.268154 0.358975 -0.893997 0.480886 0.154968 0.280342 
0.066062 0.088437 0.993889 0.441679 0.553334 0.060590 
-0.379016 -0.507385 -0.773891 0.353550 0.826719 0.318219 
0.569981 0.763028 0.304811 0.547643 0.851430 0.551286 
-0.577494 -0.773085 0.262375 0.298845 0.575200 0.782823 
0.399136 0.534319 -0.745113 0.335599 0.155787 0.536925 
-0.092313 -0.123579 0.988032 0.530955 0.338483 0.074930 
-0.244221 -0.326936 -0.912945 0.331034 0.744423 0.185270 
0.502151 0.672224 0.544021 0.486270 0.861130 0.444947 
-0.598460 -0.801153 0.000000 0.450206 0.755590 0.695030 
0.502151 0.672224 -0.544021 0.235550 0.311014 0.733776 
-0.244221 -0.326936 0.912945 0.499100 0.170998 0.241029 
-0.092313 -0.123579 -0.988032 0.421716 0.586578 0.071671 
0.399136 0.534319 0.745113 0.368789 0.834731 0.338267 
-0.577494 -0.773085 -0.262375 0.544926 0.844590 0.570944 
0.569981 0.763028 -0.304811 0.278485 0.538199 0.787951 
-0.379016 -0.507385 0.773891 0.360689 0.143785 0.494895 
0.066062 0.088437 -0.993889 0.522687 0.373946 0.061791 
0.268154 0.358975 0.893997 0.325706 0.762997 0.208063 
-0.029710 -0.447088 -0.893997 0.224793 0.754712 0.319490 
-0.007319 -0.110144 0.993889 0.565574 0.418090 0.059939 
0.041993 0.631925 -0.773891 0.633947 0.313875 0.222529 
-0.063152 -0.950317 0.304811 0.628027 0.423092 0.423105 
0.063984 0.962842 0.262375 0.708978 0.811392 0.897578 
-0.044223 -0.665470 -0.745113 0.296286 0.901406 0.644521 
0.010228 0.153912 0.988032 0.370859 0.548604 0.076695 
0.027059 0.407184 -0.912945 0.672364 0.338976 0.155070 
-0.055636 -0.837225 0.544021 0.581014 0.334124 0.288513 
0.066307 0.997799 0.000000 0.727619 0.620314 0.695030 
-0.055636 -0.837225 -0.544021 0.504304 0.937901 0.890210 
0.027059 0.407184 0.912945 0.232098 0.724806 0.271229 
0.010228 0.153912 -0.988032 0.591989 0.402387 0.069906 
-0.044223 -0.665470 0.745113 0.622749 0.312900 0.230671 
0.063984 0.962842 -0.262375 0.643081 0.445796 0.456188 
-0.063152 -0.950317 -0.304811 0.690408 0.838562 0.916132 
0.041993 0.631925 0.773891 0.271562 0.882857 0.590584 
-0.007319 -0.110144 -0.993889 0.403986 0.522667 0.062442 
-0.029710 -0.447088 0.893997 0.672305 0.332539 0.168916 
-0.218296 0.391301 -0.893997 0.838957 0.484877 0.231289 
-0.053779 0.096401 0.993889 0.396656 0.468711 0.061405 
0.308545 -0.553076 -0.773891 0.290163 0.689453 0.438122 
-0.464004 0.831740 0.304811 0.620987 0.562428 0.711901 
0.470120 -0.842702 0.262375 0.775872 0.181465 0.639029 
-0.324924 0.582435 -0.745113 0.891627 0.396342 0.402104 
0.075149 -0.134707 0.988032 0.625768 0.477304 0.072718 
0.198813 -0.356377 -0.912945 0.246905 0.563817 0.223111 
-0.408785 0.732759 0.544021 0.470522 0.714963 0.640964 
0.487188 -0.873297 0.000000 0.721909 0.301078 0.695030 
-0.408785 0.732759 -0.544021 0.849973 0.251856 0.537759 
0.198813 -0.356377 0.912945 0.817668 0.489764 0.203188 
0.075149 -0.134707 -0.988032 0.363920 0.474582 0.073883 
-0.324924 0.582435 0.745113 0.310584 0.704995 0.473088 
0.470120 -0.842702 -0.262375 0.640375 0.525598 0.714737 
-0.464004 0.831740 -0.304811 0.785461 0.178441 0.627336 
0.308545 -0.553076 0.773891 0.891158 0.417554 0.374992 
-0.053779 0.096401 -0.993889 0.586814 0.472603 0.060976 
-0.218296 0.391301 0.893997 0.243147 0.585315 0.257116 
0.396042 -0.209572 -0.893997 0.295126 0.316680 0.164932 
0.097569 -0.051630 0.993889 0.573578 0.519700 0.062508 
-0.559777 0.296215 -0.773891 0.930665 0.460123 0.600322 
0.841816 -0.445461 0.304811 0.662183 0.107442 0.929176 
-0.852912 0.451332 0.262375 0.333534 0.316291 0.444510 
0.589492 -0.311939 -0.745113 0.285037 0.357402 0.219721 
-0.136339 0.072146 0.988032 0.391564 0.387951 0.069726 
-0.360695 0.190868 -0.912945 0.819238 0.579226 0.274302 
0.741636 -0.392449 0.544021 0.854501 0.222228 0.906129 
-0.883877 0.467719 0.000000 0.439835 0.175806 0.695030 
0.741636 -0.392449 -0.544021 0.294438 0.395612 0.272594 
-0.360695 0.190868 0.912945 0.301682 0.317668 0.151997 
-0.136339 0.072146 -0.988032 0.609853 0.538735 0.076875 
0.589492 -0.311939 0.745113 0.933647 0.427945 0.655471 
-0.852912 0.451332 -0.262375 0.626814 0.104382 0.909257 
0.841816 -0.445461 -0.304811 0.323791 0.336357 0.410061 
-0.559777 0.296215 0.773891 0.284495 0.347426 0.212792 
0.097569 -0.051630 -0.993889 0.416053 0.408591 0.059873 
0.396042 -0.209572 0.893997 0.847467 0.570303 0.323473 
-0.446319 -0.039609 -0.893997 0.669027 0.640285 0.232661 
-0.109955 -0.009758 0.993889 0.453278 0.367270 0.061382 
0.630840 0.055985 -0.773891 0.241797 0.095923 0.434769 
-0.948684 -0.084192 0.304811 0.075694 0.361145 0.707410 
0.961188 0.085302 0.262375 0.440370 0.362788 0.643049 
-0.664327 -0.058956 -0.745113 0.728184 0.533725 0.405873 
0.153648 0.013636 0.988032 0.544310 0.577770 0.072780 
0.406484 0.036074 -0.912945 0.354514 0.133114 0.222053 
-0.835787 -0.074173 0.544021 0.106665 0.233038 0.635483 
0.996085 0.088399 0.000000 0.215327 0.392799 0.695030 
-0.835787 -0.074173 -0.544021 0.667079 0.405183 0.543240 
0.406484 0.036074 0.912945 0.652284 0.646099 0.204246 
0.153648 0.013636 -0.988032 0.439838 0.327454 0.073821 
-0.664327 -0.058956 0.745113 0.220767 0.106692 0.469319 
0.961188 0.085302 -0.262375 0.083701 0.374268 0.710717 
-0.948684 -0.084192 -0.304811 0.479090 0.360979 0.631827 
0.630840 0.055985 0.773891 0.725168 0.556944 0.378345 
-0.109955 -0.009758 -0.993889 0.527469 0.549835 0.060998 
-0.446319 -0.039609 0.893997 0.337929 0.114230 0.255745 
0.352946 0.276042 -0.893997 0.416238 0.100217 0.319913 
0.086952 0.068006 0.993889 0.467158 0.558130 0.059932 
-0.498863 -0.390165 -0.773891 0.447777 0.743520 0.221495 
0.750212 0.586748 0.304811 0.480951 0.737496 0.421719 
-0.760100 -0.594481 0.262375 0.159317 0.544512 0.898819 
0.525344 0.410877 -0.745113 0.254712 0.096020 0.645684 
-0.121503 -0.095029 0.988032 0.500648 0.321813 0.076714 
-0.321445 -0.251405 -0.912945 0.419727 0.719579 0.154744 
0.660933 0.516922 0.544021 0.509737 0.733051 0.286822 
-0.787696 -0.616064 0.000000 0.314165 0.695173 0.695030 
0.660933 0.516922 -0.544021 0.129344 0.270784 0.891901 
-0.321445 -0.251405 0.912945 0.437582 0.120274 0.271555 
-0.121503 -0.095029 -0.988032 0.457678 0.591094 0.069887 
0.525344 0.410877 0.745113 0.457621 0.742100 0.229508 
-0.760100 -0.594481 -0.262375 0.464579 0.737156 0.454947 
0.750212 0.586748 -0.304811 0.142387 0.508859 0.917518 
-0.498863 -0.390165 0.773891 0.282782 0.082559 0.591618 
0.086952 0.068006 -0.993889 0.500179 0.362869 0.062449 
0.352946 0.276042 0.893997 0.419527 0.729389 0.168493 
-0.145974 -0.423629 -0.893997 0.253052 0.776574 0.279101 
-0.035962 -0.104365 0.993889 0.547440 0.395126 0.060610 
0.206324 0.598769 -0.773891 0.496146 0.236982 0.321252 
-0.310278 -0.900454 0.304811 0.472857 0.506018 0.555349 
0.314368 0.912322 0.262375 0.648626 0.872270 0.779184 
-0.217276 -0.630553 -0.745113 0.311019 0.900795 0.533514 
0.050252 0.145836 0.988032 0.388969 0.571109 0.074874 
0.132946 0.385819 -0.912945 0.588578 0.257147 0.186227 
-0.273354 -0.793296 0.544021 0.413214 0.339125 0.449906 
0.325781 0.945445 0.000000 0.619342 0.724967 0.695030 
-0.273354 -0.793296 -0.544021 0.491153 0.942730 0.728817 
0.132946 0.385819 0.912945 0.260845 0.749880 0.240072 
0.050252 0.145836 -0.988032 0.565551 0.369531 0.071727 
-0.217276 -0.630553 0.745113 0.477927 0.243613 0.341678 
0.314368 0.912322 -0.262375 0.493022 0.537506 0.574582 
-0.310278 -0.900454 -0.304811 0.637621 0.889870 0.783888 
0.206324 0.598769 0.773891 0.289661 0.885149 0.491861 
-0.035962 -0.104365 -0.993889 0.417835 0.540237 0.061770 
-0.145974 -0.423629 0.893997 0.578631 0.246789 0.209304 
-0.107981 0.434868 -0.893997 0.774599 0.423262 0.179259 
-0.026602 0.107134 0.993889 0.396264 0.495724 0.062270 
0.152623 -0.614654 -0.773891 0.277899 0.808650 0.565302 
-0.229520 0.924343 0.304811 0.688722 0.704610 0.882265 
0.232546 -0.936527 0.262375 0.754265 0.300293 0.486508 
-0.160724 0.647282 -0.745113 0.785548 0.369961 0.259099 
0.037173 -0.149705 0.988032 0.615297 0.443299 0.070372 
0.098343 -0.396055 -0.912945 0.230174 0.655200 0.263250 
-0.202206 0.814342 0.544021 0.502974 0.846910 0.848878 
0.240988 -0.970528 0.000000 0.769577 0.446910 0.695030 
-0.202206 0.814342 -0.544021 0.752574 0.296240 0.329845 
0.098343 -0.396055 0.912945 0.762302 0.427627 0.163049 
0.037173 -0.149705 -0.988032 0.361938 0.512292 0.076229 
-0.160724 0.647282 0.745113 0.302545 0.826726 0.616093 
0.232546 -0.936527 -0.262375 0.710128 0.669430 0.867259 
-0.229520 0.924343 -0.304811 0.750789 0.289090 0.456972 
0.152623 -0.614654 0.773891 0.789406 0.381895 0.247812 
-0.026602 0.107134 -0.993889 0.580739 0.447468 0.060111 
-0.107981 0.434868 0.893997 0.224942 0.683145 0.309146 
0.327181 -0.306142 -0.893997 0.271900 0.443383 0.189269 
0.080604 -0.075421 0.993889 0.584303 0.499674 0.062103 
-0.462446 0.432709 -0.773891 0.946851 0.441170 0.540834 
0.695446 -0.650726 0.304811 0.744919 0.101232 0.849490 
-0.704613 0.659303 0.262375 0.490191 0.383580 0.515850 
0.486994 -0.455679 -0.745113 0.305996 0.521201 0.286611 
-0.112634 0.105391 0.988032 0.375495 0.427132 0.070824 
-0.297979 0.278818 -0.912945 0.841186 0.544177 0.255528 
0.612685 -0.573287 0.544021 0.886843 0.215714 0.808879 
-0.730194 0.683240 0.000000 0.587018 0.190176 0.695030 
0.612685 -0.573287 -0.544021 0.390040 0.536211 0.369844 
-0.297979 0.278818 0.912945 0.275931 0.433343 0.170771 
-0.112634 0.105391 -0.988032 0.624086 0.512928 0.075778 
0.486994 -0.455679 0.745113 0.949637 0.411865 0.588581 
-0.704613 0.659303 -0.262375 0.719862 0.098878 0.837916 
0.695446 -0.650726 -0.304811 0.475997 0.414684 0.489747 
-0.462446 0.432709 0.773891 0.294955 0.509161 0.272279 
0.080604 -0.075421 -0.993889 0.404333 0.435543 0.060277 
0.327181 -0.306142 0.893997 0.868724 0.537046 0.299137 
-0.441076 0.078882 -0.893997 0.769905 0.605815 0.292199 
-0.108663 0.019433 0.993889 0.434431 0.382502 0.060392 
0.623428 -0.111493 -0.773891 0.260130 0.186602 0.289237 
-0.937538 0.167668 0.304811 0.162126 0.319325 0.512463 
0.949895 -0.169878 0.262375 0.510505 0.208096 0.817579 
-0.656522 0.117412 -0.745113 0.845172 0.469457 0.569514 
0.151842 -0.027155 0.988032 0.579458 0.562703 0.075465 
0.401709 -0.071841 -0.912945 0.329671 0.201102 0.176123 
-0.825967 0.147715 0.544021 0.179503 0.279248 0.397567 
0.984382 -0.176046 0.000000 0.287784 0.258696 0.695030 
-0.825967 0.147715 -0.544021 0.763611 0.292078 0.781157 
0.401709 -0.071841 0.912945 0.746120 0.614670 0.250176 
0.151842 -0.027155 -0.988032 0.415645 0.349731 0.071136 
-0.656522 0.117412 0.745113 0.248054 0.196173 0.305678 
0.949895 -0.169878 -0.262375 0.169221 0.316728 0.536187 
-0.937538 0.167668 -0.304811 0.551348 0.208829 0.826774 
0.623428 -0.111493 0.773891 0.842599 0.499260 0.523877 
-0.108663 0.019433 -0.993889 0.551972 0.538379 0.061988 
-0.441076 0.078882 0.893997 0.318007 0.188751 0.196206 
0.413007 0.173767 -0.893997 0.371140 0.081309 0.313944 
0.101748 0.042809 0.993889 0.495114 0.557303 0.060031 
-0.583755 -0.245607 -0.773891 0.570144 0.651451 0.236086 
0.877877 0.369355 0.304811 0.451080 0.571975 0.441264 
-0.889447 -0.374223 0.262375 0.079089 0.472133 0.881321 
0.614743 0.258645 -0.745113 0.217363 0.071516 0.629278 
-0.142180 -0.059820 0.988032 0.471397 0.316908 0.076445 
-0.376145 -0.158258 -0.912945 0.525514 0.686128 0.159348 
0.773405 0.325400 0.544021 0.566391 0.578590 0.310675 
-0.921740 -0.387809 0.000000 0.226119 0.571353 0.695030 
0.773405 0.325400 -0.544021 0.082979 0.236562 0.868048 
-0.376145 -0.158258 0.912945 0.391907 0.102936 0.266950 
-0.142180 -0.059820 -0.988032 0.497707 0.588509 0.070156 
0.614743 0.258645 0.745113 0.575772 0.639463 0.245914 
-0.889447 -0.374223 -0.262375 0.422142 0.574533 0.472445 
0.877877 0.369355 -0.304811 0.066832 0.443951 0.897973 
-0.583755 -0.245607 0.773891 0.244574 0.058776 0.577028 
0.101748 0.042809 -0.993889 0.477833 0.359851 0.062350 
0.413007 0.173767 0.893997 0.532667 0.687539 0.174462 
-0.252010 -0.370488 -0.893997 0.312713 0.766999 0.217722 
-0.062085 -0.091273 0.993889 0.526370 0.376486 0.061630 
0.356197 0.523657 -0.773891 0.377424 0.156323 0.471286 
-0.535665 -0.787499 0.304811 0.305072 0.538226 0.756326 
0.542725 0.797878 0.262375 0.560143 0.855342 0.599256 
-0.375105 -0.551455 -0.745113 0.357481 0.847619 0.364813 
0.086755 0.127542 0.988032 0.416350 0.585065 0.072107 
0.229517 0.337421 -0.912945 0.510865 0.181952 0.233578 
-0.471918 -0.693783 0.544021 0.258133 0.316806 0.695181 
0.562429 0.826846 0.000000 0.475025 0.758013 0.695030 
-0.471918 -0.693783 -0.544021 0.485261 0.877948 0.483542 
0.229517 0.337421 0.912945 0.318627 0.747064 0.192721 
0.086755 0.127542 -0.988032 0.536011 0.342251 0.074495 
-0.375105 -0.551455 0.745113 0.353138 0.167808 0.510379 
0.542725 0.797878 -0.262375 0.325735 0.574867 0.754510 
-0.535665 -0.787499 -0.304811 0.560673 0.863564 0.582911 
0.356197 0.523657 0.773891 0.341308 0.838258 0.341828 
-0.062085 -0.091273 -0.993889 0.437828 0.551963 0.060750 
-0.252010 -0.370488 0.893997 0.493547 0.166723 0.270684 
0.009901 0.447964 -0.893997 0.687870 0.346442 0.166292 
0.002439 0.110360 0.993889 0.402323 0.519208 0.062485 
-0.013994 -0.633165 -0.773891 0.271112 0.877003 0.596997 
0.021045 0.952180 0.304811 0.694941 0.823443 0.924723 
-0.021322 -0.964730 0.262375 0.663995 0.426562 0.448497 
0.014737 0.666775 -0.745113 0.647241 0.322843 0.223460 
-0.003408 -0.154214 0.988032 0.595907 0.408166 0.069788 
-0.009017 -0.407982 -0.912945 0.229944 0.717547 0.273253 
0.018541 0.838867 0.544021 0.505809 0.930196 0.900694 
-0.022097 -0.999756 0.000000 0.739837 0.597701 0.695030 
0.018541 0.838867 -0.544021 0.608069 0.330549 0.278029 
-0.009017 -0.407982 0.912945 0.686153 0.352400 0.153046 
-0.003408 -0.154214 -0.988032 0.368788 0.544041 0.076814 
0.014737 0.666775 0.745113 0.296121 0.895715 0.651732 
-0.021322 -0.964730 -0.262375 0.714311 0.794839 0.905269 
0.021045 0.952180 -0.304811 0.650253 0.405503 0.414514 
-0.013994 -0.633165 0.773891 0.657289 0.325293 0.216116 
0.002439 0.110360 -0.993889 0.568190 0.422186 0.059895 
0.009901 0.447964 0.893997 0.222879 0.747562 0.322113 
0.235394 -0.381260 -0.893997 0.247045 0.566403 0.246648 
0.057992 -0.093927 0.993889 0.587112 0.476662 0.061150 
-0.332713 0.538884 -0.773891 0.903729 0.421779 0.400579 
0.500348 -0.810396 0.304811 0.784640 0.162994 0.661611 
-0.506943 0.821078 0.262375 0.622797 0.502492 0.684052 
0.350374 -0.567489 -0.745113 0.311132 0.680725 0.444318 
-0.081036 0.131251 0.988032 0.365015 0.467913 0.073411 
-0.214385 0.347232 -0.912945 0.824028 0.498681 0.211263 
0.440804 -0.713956 0.544021 0.860482 0.244925 0.579589 
-0.525348 0.850888 0.000000 0.707062 0.280200 0.695030 
0.440804 -0.713956 -0.544021 0.461748 0.690078 0.599134 
-0.214385 0.347232 0.912945 0.250681 0.546337 0.215036 
-0.081036 0.131251 -0.988032 0.626491 0.482709 0.073190 
0.350374 -0.567489 0.745113 0.904705 0.399173 0.430874 
-0.506943 0.821078 -0.262375 0.772767 0.164945 0.669714 
0.500348 -0.810396 -0.304811 0.604031 0.539019 0.677626 
-0.332713 0.538884 0.773891 0.291784 0.665692 0.412535 
0.057992 -0.093927 -0.993889 0.397305 0.464003 0.061231 
0.235394 -0.381260 0.893997 0.846533 0.493543 0.241757 
-0.404926 0.191845 -0.893997 0.839671 0.575359 0.322868 
-0.099758 0.047263 0.993889 0.418397 0.404429 0.059883 
0.572334 -0.271159 -0.773891 0.281548 0.321826 0.214272 
-0.860700 0.407781 0.304811 0.298465 0.328939 0.412044 
0.872045 -0.413155 0.262375 0.609603 0.112972 0.907481 
-0.602715 0.285553 -0.745113 0.925228 0.431993 0.653806 
0.139398 -0.066044 0.988032 0.606364 0.542572 0.076848 
0.368786 -0.174723 -0.912945 0.305805 0.299284 0.152464 
-0.758273 0.359253 0.544021 0.277461 0.375268 0.275015 
0.903705 -0.428155 0.000000 0.415500 0.181379 0.695030 
-0.758273 0.359253 -0.544021 0.844334 0.227885 0.903709 
0.368786 -0.174723 0.912945 0.811754 0.584456 0.273835 
0.139398 -0.066044 -0.988032 0.394688 0.381867 0.069754 
-0.602715 0.285553 0.745113 0.280248 0.331605 0.221386 
0.872045 -0.413155 -0.262375 0.307616 0.311146 0.446285 
-0.860700 0.407781 -0.304811 0.646241 0.115855 0.927193 
0.572334 -0.271159 0.773891 0.922302 0.464215 0.598841 
-0.099758 0.047263 -0.993889 0.571052 0.522695 0.062498 
-0.404926 0.191845 0.893997 0.298635 0.296509 0.165538 
0.444130 0.059317 -0.893997 0.341768 0.105806 0.266026 
0.109416 0.014613 0.993889 0.523011 0.551305 0.060828 
-0.627745 -0.083840 -0.773891 0.703437 0.568855 0.353214 
0.944031 0.126082 0.304811 0.470944 0.390116 0.598164 
-0.956473 -0.127744 0.262375 0.076373 0.387257 0.740854 
0.661068 0.088290 -0.745113 0.217875 0.097044 0.497576 
-0.152894 -0.020420 0.988032 0.444144 0.324882 0.074285 
-0.404490 -0.054023 -0.912945 0.634813 0.651629 0.196314 
0.831687 0.111078 0.544021 0.651208 0.427937 0.502157 
-0.991199 -0.132382 0.000000 0.210312 0.418226 0.695030 
0.831687 0.111078 -0.544021 0.098648 0.230114 0.676566 
-0.404490 -0.054023 0.912945 0.359106 0.125412 0.229984 
-0.152894 -0.020420 -0.988032 0.537890 0.579771 0.072317 
0.661068 0.088290 0.745113 0.706671 0.547061 0.377616 
-0.956473 -0.127744 -0.262375 0.433181 0.392239 0.612912 
0.944031 0.126082 -0.304811 0.067936 0.371676 0.741073 
-0.627745 -0.083840 0.773891 0.240106 0.085993 0.459899 
0.109416 0.014613 -0.993889 0.456641 0.365497 0.061553 
0.444130 0.059317 0.893997 0.650216 0.646617 0.222380 
-0.340387 -0.291387 -0.893997 0.402208 0.735861 0.172270 
-0.083858 -0.071786 0.993889 0.503950 0.364186 0.062386 
0.481113 0.411854 -0.773891 0.292985 0.090641 0.582385 
-0.723518 -0.619364 0.304811 0.161548 0.516854 0.905149 
0.733054 0.627528 0.262375 0.475982 0.759697 0.466021 
-0.506652 -0.433717 -0.745113 0.440456 0.758843 0.239890 
0.117180 0.100311 0.988032 0.451304 0.590862 0.070057 
0.310007 0.265380 -0.912945 0.446715 0.126670 0.268641 
-0.637416 -0.545657 0.544021 0.143163 0.277674 0.876806 
0.759668 0.650311 0.000000 0.334408 0.710353 0.695030 
-0.637416 -0.545657 -0.544021 0.503564 0.757033 0.301917 
0.310007 0.265380 0.912945 0.403443 0.724565 0.157658 
0.117180 0.100311 -0.988032 0.505661 0.323826 0.076544 
-0.506652 -0.433717 0.745113 0.265166 0.104037 0.635302 
0.733054 0.627528 -0.262375 0.179195 0.553162 0.887745 
-0.723518 -0.619364 -0.304811 0.490077 0.760882 0.434088 
0.481113 0.411854 0.773891 0.429768 0.758564 0.230729 
-0.083858 -0.071786 -0.993889 0.462675 0.557733 0.059995 
-0.340387 -0.291387 0.893997 0.425624 0.107154 0.316135 
0.127089 0.429672 -0.893997 0.593962 0.261073 0.200189 
0.031309 0.105854 0.993889 0.415076 0.537703 0.061922 
-0.179630 -0.607311 -0.773891 0.284534 0.888516 0.514143 
0.270136 0.913300 0.304811 0.648890 0.886453 0.813735 
-0.273696 -0.925338 0.262375 0.520226 0.525591 0.547860 
0.189166 0.639549 -0.745113 0.501254 0.256044 0.316623 
-0.043751 -0.147917 0.988032 0.570243 0.374714 0.071316 
-0.115746 -0.391323 -0.912945 0.254071 0.747811 0.247104 
0.237989 0.804613 0.544021 0.493371 0.946915 0.765243 
-0.283633 -0.958933 0.000000 0.640878 0.711929 0.695030 
0.237989 0.804613 -0.544021 0.441125 0.340306 0.413480 
-0.115746 -0.391323 0.912945 0.602395 0.270676 0.179195 
-0.043751 -0.147917 -0.988032 0.385280 0.567950 0.075285 
0.189166 0.639549 0.745113 0.306619 0.904884 0.558569 
-0.273696 -0.925338 -0.262375 0.661469 0.867204 0.805906 
0.270136 0.913300 -0.304811 0.500579 0.495378 0.525502 
-0.179630 -0.607311 0.773891 0.518325 0.250508 0.298971 
0.031309 0.105854 -0.993889 0.550713 0.398712 0.060459 
0.127089 0.429672 0.893997 0.246218 0.775324 0.288217 
