 528 1.55748
 387 56.7507
 331 913.38
 227 4906.81
 120 10252
 49 105502

 539 7.22788
 477 34.8577
 453 448.641
 294 1288.46
 191 15262.3
 114 102735

 537 8.33021
 484 27.185
 348 392.204
 231 5630.94
 228 19303.5
 153 113030

 556 9.63299
 486 16.6047
 344 641.709
 339 1182.12
 174 24214
 165 110553

 549 3.92581
 442 46.2742
 80 172.751
 110 4583.23
 228 11937
 114 102735

 445 4.77766
 342 28.5473
 312 428.452
 264 1844.79
 94 29530.3
 49 105502

 557 2.6489
 47 77.5965
 150 425.647
 228 2236.29
 258 19358.2
 167 112507

 548 8.89265
 518 43.6051
 455 769.247
 77 2265.27
 308 12662.2
 156 129824

 548 8.89265
 518 43.6051
 455 769.247
 77 2265.27
 308 12662.2
 156 129824

 550 9.38595
 157 87.0415
 417 375.311
 316 6050.48
 201 49805.4
 167 112507

 523 1.35572
 451 10.4745
 246 842.512
 214 3871.3
 37 19600.8
 49 105502

 546 6.00244
 452 41.6286
 58 472.597
 146 7747.77
 217 17548.9
 114 102735

 555 6.12665
 441 57.2328
 36 249.824
 333 1291.34
 172 15451.1
 167 112507

 547 3.99421
 517 24.3892
 28 314.771
 335 3975.06
 213 52869.8
 161 123482

 548 6.52565
 489 24.2835
 8 197.916
 283 6726.92
 129 49503.4
 114 102735

 517 1.12127
 454 27.6087
 328 834.866
 79 9117.51
 43 24175.3
 49 105502

 0 1.44578
 166 51.8967
 537 123.376
 387 6741.61
 323 19752.6
 388 106653

 94 3.30642
 173 69.6036
 487 154.7
 234 4963.02
 362 65887.5
 302 176960

 508 4.39156
 530 12.3322
 438 118.007
 264 5222.93
 113 10386.7
 141 115535

 508 2.8975
 507 17.6808
 76 242.319
 306 1426.55
 189 14525
 293 112718

 82 8.73074
 52 40.2043
 189 256.481
 263 9219.83
 253 44087
 302 176960

 50 9.11642
 24 28.8957
 221 484.326
 541 2454.49
 363 18723.4
 343 145280

 452 9.56248
 439 70.2298
 312 783.045
 390 1739.77
 222 14654.8
 293 112718

 508 4.39156
 472 22.8088
 2 148.31
 213 1236.89
 176 25040.4
 146 110553

 508 4.39156
 472 22.8088
 2 148.31
 213 1236.89
 176 25040.4
 146 110553

 463 7.13674
 499 11.8934
 168 156.347
 248 2965.78
 279 11095.3
 293 112718

 28 6.24759
 20 12.5725
 143 378.698
 441 6755.93
 460 14227.6
 388 106653

 37 3.35866
 78 82.227
 192 359.169
 331 1975.66
 330 46544.7
 314 115464

 463 7.13674
 499 11.8934
 168 156.347
 248 2965.78
 279 11095.3
 293 112718

 513 6.06339
 425 41.0471
 438 118.007
 147 5864.33
 118 19495.6
 136 102197

 37 3.35866
 78 82.227
 192 359.169
 331 1975.66
 330 46544.7
 314 115464

 54 3.77039
 96 24.2968
 138 276.392
 436 7065.51
 528 15318.9
 346 127301

 504 1.62512
 507 11.9084
 294 174.964
 -1 0
 -1 0
 -1 0

 97 4.29738
 150 31.7708
 232 152.106
 346 4687.37
 -1 0
 -1 0

 27 4.04612
 84 50.239
 154 249.793
 464 7835.92
 415 29930.4
 -1 0

 509 9.28022
 38 98.7862
 418 183.169
 430 5263.97
 344 17027.6
 164 271078

 39 2.69107
 186 25.0309
 210 141.162
 496 9066.31
 -1 0
 -1 0

 441 2.49825
 353 25.5996
 252 349.116
 -1 0
 -1 0
 -1 0

 509 9.28022
 38 98.7862
 144 747.892
 140 1084.33
 288 25249.3
 227 321575

 65 7.52099
 0 79.8314
 79 330.661
 513 6173.18
 345 37084.1
 -1 0

 73 8.5515
 88 21.7768
 181 858.781
 198 2516.95
 340 25493
 -1 0

 509 9.28022
 510 48.3468
 541 951.486
 276 9240.67
 267 94989.1
 272 124813

 512 8.42101
 550 11.2045
 311 469.852
 -1 0
 -1 0
 -1 0

 51 3.67293
 187 13.4673
 226 115.802
 460 9640.16
 -1 0
 -1 0

 509 9.28022
 510 48.3468
 541 951.486
 276 9240.67
 267 94989.1
 272 124813

 53 7.71365
 92 65.6585
 140 161.081
 507 4504.11
 336 36252
 -1 0

 5 7.68903
 175 44.1318
 295 287.168
 346 4687.37
 -1 0
 -1 0

 394 4.83667
 113 11.0302
 377 221.776
 -1 0
 -1 0
 -1 0

 510 8.27119
 519 20.3164
 276 612.129
 275 2629.63
 69 10170.6
 131 152558

 5 2.53679
 74 40.9351
 140 175.75
 169 1026.23
 312 37873.5
 398 205892

 540 6.65526
 100 35.2845
 61 743.056
 400 3151.87
 286 50819.5
 278 146888

 5 8.49956
 60 59.1971
 237 932.86
 379 1286.27
 322 13895.4
 219 110553

 62 8.17376
 24 14.8775
 155 128.401
 408 1772.57
 538 17479.9
 429 162195

 506 4.52772
 356 89.3169
 6 475.258
 337 3150.05
 184 53605.5
 145 312137

 5 8.49956
 422 77.8282
 41 132.116
 241 8214.35
 213 29722.6
 219 110553

 540 6.65526
 33 68.2289
 529 195.819
 299 5636.86
 242 13668.7
 266 275397

 540 6.65526
 33 68.2289
 529 195.819
 299 5636.86
 242 13668.7
 266 275397

 0 5.21753
 472 25.7846
 118 465.183
 288 1543.07
 317 19998.6
 219 110553

 504 6.55361
 352 43.6115
 381 852.846
 327 1592.83
 117 15522.2
 136 223645

 12 7.73155
 34 18.1589
 505 933.919
 229 1463.5
 530 10990.3
 372 116205

 0 5.21753
 10 14.1753
 476 187.112
 181 1496.78
 228 15451.1
 219 110553

 528 7.7495
 547 21.2904
 255 354.313
 319 4356
 276 52903.2
 261 158143

 14 6.71062
 66 33.6128
 505 933.919
 226 2202.41
 442 68167.4
 432 145275

 506 4.52772
 518 11.7549
 315 339.715
 325 1289.12
 184 53605.5
 195 241266

